,subnube1,tamaño_subnube1,subnube2,tamaño_subnube2,matcheos,rmse,radio,giros
0,0,5,0,5,2,0.06517233416225099,0.1,4
1,0,5,0,5,2,0.06517233416225099,0.2,4
2,0,5,0,5,3,0.17401441045694255,0.3,4
3,0,5,0,5,3,0.1740144104569424,0.4,4
4,0,5,0,5,3,0.17401441045694255,0.5,4
5,0,5,0,5,4,0.6345613924077396,1.0,4
6,0,5,1,5,2,0.03439817405344736,0.1,4
7,0,5,1,5,2,0.14054357292464753,0.2,4
8,0,5,1,5,3,0.0729037571108527,0.3,4
9,0,5,1,5,3,0.20618970634843223,0.4,4
10,0,5,1,5,3,0.20618970634843248,0.5,4
11,0,5,1,5,5,0.7250854657175524,1.0,4
12,0,5,2,6,2,0.017441405420997813,0.1,4
13,0,5,2,6,2,0.017441405420997813,0.2,4
14,0,5,2,6,3,0.07290375711085266,0.3,4
15,0,5,2,6,3,0.20618970634843248,0.4,4
16,0,5,2,6,4,0.25266489530224945,0.5,4
17,0,5,2,6,5,0.7250854657175522,1.0,4
18,0,5,3,5,2,0.07219727384734786,0.1,4
19,0,5,3,5,2,0.07219727384734786,0.2,4
20,0,5,3,5,3,0.17401441045694238,0.3,4
21,0,5,3,5,3,0.17401441045694238,0.4,4
22,0,5,3,5,3,0.17401441045694238,0.5,4
23,0,5,3,5,4,0.5818508166089986,1.0,4
24,0,5,4,5,2,0.017441405420997813,0.1,4
25,0,5,4,5,2,0.017441405420997813,0.2,4
26,0,5,4,5,2,0.017441405420997813,0.3,4
27,0,5,4,5,2,0.017441405420997813,0.4,4
28,0,5,4,5,2,0.017441405420997813,0.5,4
29,0,5,4,5,5,0.9048890003367698,1.0,4
30,0,5,5,5,2,0.03439817405344736,0.1,4
31,0,5,5,5,2,0.14054357292464753,0.2,4
32,0,5,5,5,3,0.07290375711085256,0.3,4
33,0,5,5,5,3,0.20618970634843248,0.4,4
34,0,5,5,5,4,0.2526648953022493,0.5,4
35,0,5,5,5,4,0.2526648953022497,1.0,4
36,0,5,6,5,2,0.07219727384734786,0.1,4
37,0,5,6,5,2,0.07219727384734786,0.2,4
38,0,5,6,5,3,0.17401441045694255,0.3,4
39,0,5,6,5,3,0.1740144104569424,0.4,4
40,0,5,6,5,3,0.17401441045694244,0.5,4
41,0,5,6,5,4,0.611029129795084,1.0,4
42,0,5,7,5,2,0.017441405420997813,0.1,4
43,0,5,7,5,2,0.017441405420997813,0.2,4
44,0,5,7,5,3,0.07290375711085267,0.3,4
45,0,5,7,5,3,0.20618970634843226,0.4,4
46,0,5,7,5,3,0.07290375711085263,0.5,4
47,0,5,7,5,4,0.5818508166089986,1.0,4
48,0,5,8,6,2,0.06517233416225099,0.1,4
49,0,5,8,6,2,0.06517233416225099,0.2,4
50,0,5,8,6,3,0.16002471096435752,0.3,4
51,0,5,8,6,3,0.16002471096435744,0.4,4
52,0,5,8,6,3,0.16002471096435691,0.5,4
53,0,5,8,6,4,0.6110291297950837,1.0,4
54,0,5,9,6,2,0.03439817405344736,0.1,4
55,0,5,9,6,2,0.14054357292464753,0.2,4
56,0,5,9,6,3,0.07290375711085269,0.3,4
57,0,5,9,6,3,0.20618970634843242,0.4,4
58,0,5,9,6,4,0.2526648953022494,0.5,4
59,0,5,9,6,4,0.5818508166089987,1.0,4
60,0,5,10,6,2,0.07219727384734786,0.1,4
61,0,5,10,6,2,0.07219727384734786,0.2,4
62,0,5,10,6,3,0.17401441045694246,0.3,4
63,0,5,10,6,3,0.17401441045694246,0.4,4
64,0,5,10,6,3,0.17401441045694244,0.5,4
65,0,5,10,6,5,0.9048890003367687,1.0,4
66,1,5,0,5,2,0.12314616795856992,0.1,4
67,1,5,0,5,2,0.12314616795856992,0.2,4
68,1,5,0,5,2,0.12314616795856992,0.3,4
69,1,5,0,5,2,0.12314616795856992,0.4,4
70,1,5,0,5,3,0.22712702587073122,0.5,4
71,1,5,0,5,5,0.7210659580166864,1.0,4
72,1,5,1,5,2,0.04777492919617343,0.1,4
73,1,5,1,5,2,0.04777492919617343,0.2,4
74,1,5,1,5,2,0.04777492919617343,0.3,4
75,1,5,1,5,2,0.04777492919617343,0.4,4
76,1,5,1,5,2,0.04777492919617343,0.5,4
77,1,5,1,5,5,0.7811342887618218,1.0,4
78,1,5,2,6,2,0.012328913193448643,0.1,4
79,1,5,2,6,2,0.012328913193448643,0.2,4
80,1,5,2,6,2,0.012328913193448643,0.3,4
81,1,5,2,6,2,0.012328913193448643,0.4,4
82,1,5,2,6,3,0.2167998637862941,0.5,4
83,1,5,2,6,5,0.690473085479821,1.0,4
84,1,5,3,5,2,0.11612122827347304,0.1,4
85,1,5,3,5,2,0.11612122827347304,0.2,4
86,1,5,3,5,2,0.11612122827347304,0.3,4
87,1,5,3,5,2,0.11612122827347304,0.4,4
88,1,5,3,5,3,0.22712702587073083,0.5,4
89,1,5,3,5,5,0.7583961715457583,1.0,4
90,1,5,4,5,2,0.012328913193448643,0.1,4
91,1,5,4,5,2,0.012328913193448643,0.2,4
92,1,5,4,5,2,0.012328913193448643,0.3,4
93,1,5,4,5,2,0.012328913193448643,0.4,4
94,1,5,4,5,2,0.012328913193448643,0.5,4
95,1,5,4,5,4,0.4990723547423759,1.0,4
96,1,5,5,5,2,0.04777492919617343,0.1,4
97,1,5,5,5,2,0.04777492919617343,0.2,4
98,1,5,5,5,2,0.04777492919617343,0.3,4
99,1,5,5,5,2,0.04777492919617343,0.4,4
100,1,5,5,5,3,0.17706186064476506,0.5,4
101,1,5,5,5,5,0.6904730854798227,1.0,4
102,1,5,6,5,2,0.11612122827347304,0.1,4
103,1,5,6,5,2,0.11612122827347304,0.2,4
104,1,5,6,5,2,0.11612122827347304,0.3,4
105,1,5,6,5,3,0.2127542586922765,0.4,4
106,1,5,6,5,3,0.20757683465088722,0.5,4
107,1,5,6,5,5,0.6632695144311741,1.0,4
108,1,5,7,5,2,0.012328913193448643,0.1,4
109,1,5,7,5,2,0.012328913193448643,0.2,4
110,1,5,7,5,2,0.012328913193448643,0.3,4
111,1,5,7,5,2,0.012328913193448643,0.4,4
112,1,5,7,5,3,0.22712702587073066,0.5,4
113,1,5,7,5,5,0.6904730854798218,1.0,4
114,1,5,8,6,2,0.12314616795856992,0.1,4
115,1,5,8,6,2,0.12314616795856992,0.2,4
116,1,5,8,6,2,0.12314616795856992,0.3,4
117,1,5,8,6,3,0.2127542586922762,0.4,4
118,1,5,8,6,3,0.21679986378629407,0.5,4
119,1,5,8,6,5,0.5328628338782279,1.0,4
120,1,5,9,6,2,0.04777492919617343,0.1,4
121,1,5,9,6,2,0.04777492919617343,0.2,4
122,1,5,9,6,2,0.04777492919617343,0.3,4
123,1,5,9,6,2,0.04777492919617343,0.4,4
124,1,5,9,6,3,0.22712702587073075,0.5,4
125,1,5,9,6,5,0.5917500041433262,1.0,4
126,1,5,10,6,2,0.11612122827347304,0.1,4
127,1,5,10,6,2,0.11612122827347304,0.2,4
128,1,5,10,6,2,0.11612122827347304,0.3,4
129,1,5,10,6,2,0.11612122827347304,0.4,4
130,1,5,10,6,3,0.2271270258707306,0.5,4
131,1,5,10,6,5,0.6254394689081003,1.0,4
132,2,5,0,5,2,0.11784070001932567,0.1,4
133,2,5,0,5,2,0.160167535422712,0.2,4
134,2,5,0,5,2,0.160167535422712,0.3,4
135,2,5,0,5,3,0.09919690976856198,0.4,4
136,2,5,0,5,3,0.2369758975318604,0.5,4
137,2,5,0,5,5,0.6261127890864787,1.0,4
138,2,5,1,5,2,0.08479629666031546,0.1,4
139,2,5,1,5,2,0.08479629666031546,0.2,4
140,2,5,1,5,2,0.08479629666031546,0.3,4
141,2,5,1,5,2,0.08479629666031546,0.4,4
142,2,5,1,5,2,0.08479629666031546,0.5,4
143,2,5,1,5,5,0.6090287080687513,1.0,4
144,2,5,2,6,2,0.08479629666031546,0.1,4
145,2,5,2,6,2,0.08479629666031546,0.2,4
146,2,5,2,6,2,0.08479629666031546,0.3,4
147,2,5,2,6,2,0.08479629666031546,0.4,4
148,2,5,2,6,2,0.08479629666031546,0.5,4
149,2,5,2,6,5,0.6090287080687512,1.0,4
150,2,5,3,5,2,0.1108157603342288,0.1,4
151,2,5,3,5,2,0.15314259573761513,0.2,4
152,2,5,3,5,2,0.15314259573761513,0.3,4
153,2,5,3,5,3,0.09919690976856181,0.4,4
154,2,5,3,5,3,0.23697589753186027,0.5,4
155,2,5,3,5,5,0.6261127890864787,1.0,4
156,2,5,4,5,0,inf,0.1,4
157,2,5,4,5,0,inf,0.2,4
158,2,5,4,5,0,inf,0.3,4
159,2,5,4,5,0,inf,0.4,4
160,2,5,4,5,0,inf,0.5,4
161,2,5,4,5,0,inf,1.0,4
162,2,5,5,5,2,0.08479629666031546,0.1,4
163,2,5,5,5,2,0.08479629666031546,0.2,4
164,2,5,5,5,2,0.08479629666031546,0.3,4
165,2,5,5,5,2,0.08479629666031546,0.4,4
166,2,5,5,5,2,0.08479629666031546,0.5,4
167,2,5,5,5,5,0.644994325966462,1.0,4
168,2,5,6,5,2,0.1108157603342288,0.1,4
169,2,5,6,5,2,0.15314259573761513,0.2,4
170,2,5,6,5,2,0.15314259573761513,0.3,4
171,2,5,6,5,3,0.22718059491084275,0.4,4
172,2,5,6,5,3,0.16991742706629348,0.5,4
173,2,5,6,5,5,0.6261127890864787,1.0,4
174,2,5,7,5,2,0.08479629666031546,0.1,4
175,2,5,7,5,2,0.08479629666031546,0.2,4
176,2,5,7,5,2,0.08479629666031546,0.3,4
177,2,5,7,5,3,0.22718059491084283,0.4,4
178,2,5,7,5,3,0.1699174270662937,0.5,4
179,2,5,7,5,5,0.6090287080687512,1.0,4
180,2,5,8,6,2,0.11784070001932567,0.1,4
181,2,5,8,6,2,0.160167535422712,0.2,4
182,2,5,8,6,2,0.160167535422712,0.3,4
183,2,5,8,6,3,0.22718059491084278,0.4,4
184,2,5,8,6,3,0.1699174270662935,0.5,4
185,2,5,8,6,5,0.7970029711141203,1.0,4
186,2,5,9,6,2,0.08479629666031546,0.1,4
187,2,5,9,6,2,0.08479629666031546,0.2,4
188,2,5,9,6,2,0.08479629666031546,0.3,4
189,2,5,9,6,3,0.22718059491084278,0.4,4
190,2,5,9,6,3,0.1699174270662935,0.5,4
191,2,5,9,6,5,0.6090287080687512,1.0,4
192,2,5,10,6,2,0.1108157603342288,0.1,4
193,2,5,10,6,2,0.15314259573761513,0.2,4
194,2,5,10,6,2,0.15314259573761513,0.3,4
195,2,5,10,6,3,0.22718059491084278,0.4,4
196,2,5,10,6,3,0.1699174270662936,0.5,4
197,2,5,10,6,5,0.5623877459397026,1.0,4
198,3,14,0,5,2,0.12314616795856992,0.1,4
199,3,14,0,5,2,0.12314616795856992,0.2,4
200,3,14,0,5,3,0.09943914206060764,0.3,4
201,3,14,0,5,3,0.09943914206060764,0.4,4
202,3,14,0,5,3,0.0994391420606077,0.5,4
203,3,14,0,5,7,0.7143984417433035,1.0,4
204,3,14,1,5,2,0.04777492919617343,0.1,4
205,3,14,1,5,3,0.08079966843216897,0.2,4
206,3,14,1,5,3,0.08079966843216879,0.3,4
207,3,14,1,5,3,0.08079966843216879,0.4,4
208,3,14,1,5,3,0.12081147570849234,0.5,4
209,3,14,1,5,7,0.8398640257098913,1.0,4
210,3,14,2,6,2,0.017441405420997813,0.1,4
211,3,14,2,6,3,0.08079966843216897,0.2,4
212,3,14,2,6,3,0.08079966843216897,0.3,4
213,3,14,2,6,3,0.13042420559230827,0.4,4
214,3,14,2,6,4,0.25266489530224984,0.5,4
215,3,14,2,6,9,0.8091947089452631,1.0,4
216,3,14,3,5,2,0.11612122827347304,0.1,4
217,3,14,3,5,3,0.07918309047197547,0.2,4
218,3,14,3,5,3,0.07918309047197547,0.3,4
219,3,14,3,5,3,0.25401741648205406,0.4,4
220,3,14,3,5,3,0.16963572729448534,0.5,4
221,3,14,3,5,7,0.6329830796482555,1.0,4
222,3,14,4,5,2,0.1166399242839935,0.1,4
223,3,14,4,5,2,0.1166399242839935,0.2,4
224,3,14,4,5,2,0.1166399242839935,0.3,4
225,3,14,4,5,2,0.1166399242839935,0.4,4
226,3,14,4,5,3,0.22490551185801508,0.5,4
227,3,14,4,5,7,0.7116910171749727,1.0,4
228,3,14,5,5,2,0.04777492919617343,0.1,4
229,3,14,5,5,3,0.08079966843216897,0.2,4
230,3,14,5,5,3,0.0729037571108527,0.3,4
231,3,14,5,5,3,0.0729037571108527,0.4,4
232,3,14,5,5,4,0.25266489530224967,0.5,4
233,3,14,5,5,8,0.7561896552517628,1.0,4
234,3,14,6,5,2,0.11612122827347304,0.1,4
235,3,14,6,5,3,0.07918309047197539,0.2,4
236,3,14,6,5,3,0.07918309047197539,0.3,4
237,3,14,6,5,3,0.22718059491084258,0.4,4
238,3,14,6,5,3,0.22718059491084258,0.5,4
239,3,14,6,5,7,0.6535135342546672,1.0,4
240,3,14,7,5,2,0.017441405420997813,0.1,4
241,3,14,7,5,3,0.08079966843216897,0.2,4
242,3,14,7,5,3,0.08079966843216897,0.3,4
243,3,14,7,5,3,0.13042420559230827,0.4,4
244,3,14,7,5,4,0.31524124151965505,0.5,4
245,3,14,7,5,8,0.6911053438205839,1.0,4
246,3,14,8,6,2,0.12314616795856992,0.1,4
247,3,14,8,6,3,0.07918309047197539,0.2,4
248,3,14,8,6,3,0.13671456721644698,0.3,4
249,3,14,8,6,3,0.13671456721644704,0.4,4
250,3,14,8,6,4,0.259742939761493,0.5,4
251,3,14,8,6,9,0.8091947089452636,1.0,4
252,3,14,9,6,2,0.04777492919617343,0.1,4
253,3,14,9,6,3,0.08079966843216897,0.2,4
254,3,14,9,6,3,0.08079966843216879,0.3,4
255,3,14,9,6,3,0.11723528433266148,0.4,4
256,3,14,9,6,4,0.2526648953022491,0.5,4
257,3,14,9,6,8,0.7561896552517625,1.0,4
258,3,14,10,6,2,0.11612122827347304,0.1,4
259,3,14,10,6,2,0.11612122827347304,0.2,4
260,3,14,10,6,3,0.0994391420606077,0.3,4
261,3,14,10,6,3,0.25401741648205406,0.4,4
262,3,14,10,6,4,0.31524124151965505,0.5,4
263,3,14,10,6,9,0.8091947089452631,1.0,4
264,4,14,0,5,2,0.11784070001932567,0.1,4
265,4,14,0,5,2,0.160167535422712,0.2,4
266,4,14,0,5,3,0.09943914206060764,0.3,4
267,4,14,0,5,3,0.09943914206060767,0.4,4
268,4,14,0,5,3,0.14829791346545923,0.5,4
269,4,14,0,5,7,0.7143984417433048,1.0,4
270,4,14,1,5,2,0.08479629666031546,0.1,4
271,4,14,1,5,2,0.08479629666031546,0.2,4
272,4,14,1,5,3,0.0729037571108527,0.3,4
273,4,14,1,5,3,0.07290375711085263,0.4,4
274,4,14,1,5,3,0.11506469698992457,0.5,4
275,4,14,1,5,7,0.7112300712071941,1.0,4
276,4,14,2,6,2,0.10484712326062329,0.1,4
277,4,14,2,6,2,0.14861920498520287,0.2,4
278,4,14,2,6,3,0.07290375711085267,0.3,4
279,4,14,2,6,3,0.13042420559230822,0.4,4
280,4,14,2,6,4,0.25266489530224967,0.5,4
281,4,14,2,6,9,0.8091947089452632,1.0,4
282,4,14,3,5,2,0.1108157603342288,0.1,4
283,4,14,3,5,3,0.07918309047197505,0.2,4
284,4,14,3,5,3,0.07918309047197516,0.3,4
285,4,14,3,5,3,0.25401741648205406,0.4,4
286,4,14,3,5,3,0.25401741648205406,0.5,4
287,4,14,3,5,7,0.6329830796482558,1.0,4
288,4,14,4,5,2,0.1166399242839935,0.1,4
289,4,14,4,5,2,0.1166399242839935,0.2,4
290,4,14,4,5,2,0.1166399242839935,0.3,4
291,4,14,4,5,2,0.1166399242839935,0.4,4
292,4,14,4,5,3,0.22490551185801508,0.5,4
293,4,14,4,5,7,0.7116910171749725,1.0,4
294,4,14,5,5,2,0.08479629666031546,0.1,4
295,4,14,5,5,2,0.08479629666031546,0.2,4
296,4,14,5,5,3,0.07290375711085256,0.3,4
297,4,14,5,5,3,0.11723528433266237,0.4,4
298,4,14,5,5,4,0.25266489530224934,0.5,4
299,4,14,5,5,8,0.7561896552517627,1.0,4
300,4,14,6,5,2,0.1108157603342288,0.1,4
301,4,14,6,5,3,0.07918309047197519,0.2,4
302,4,14,6,5,3,0.07918309047197519,0.3,4
303,4,14,6,5,3,0.22718059491084283,0.4,4
304,4,14,6,5,3,0.1699174270662935,0.5,4
305,4,14,6,5,7,0.6535135342546673,1.0,4
306,4,14,7,5,2,0.10484712326062329,0.1,4
307,4,14,7,5,3,0.07918309047197507,0.2,4
308,4,14,7,5,3,0.07918309047197516,0.3,4
309,4,14,7,5,3,0.1304242055923083,0.4,4
310,4,14,7,5,4,0.31524124151965494,0.5,4
311,4,14,7,5,8,0.691105343820584,1.0,4
312,4,14,8,6,2,0.11784070001932567,0.1,4
313,4,14,8,6,3,0.07918309047197507,0.2,4
314,4,14,8,6,3,0.13671456721644698,0.3,4
315,4,14,8,6,3,0.13671456721644698,0.4,4
316,4,14,8,6,4,0.2597429397614938,0.5,4
317,4,14,8,6,9,0.8091947089452636,1.0,4
318,4,14,9,6,2,0.08479629666031546,0.1,4
319,4,14,9,6,3,0.07918309047197516,0.2,4
320,4,14,9,6,3,0.07290375711085269,0.3,4
321,4,14,9,6,3,0.11723528433266212,0.4,4
322,4,14,9,6,4,0.2526648953022498,0.5,4
323,4,14,9,6,8,0.6911053438205835,1.0,4
324,4,14,10,6,2,0.1108157603342288,0.1,4
325,4,14,10,6,2,0.15314259573761513,0.2,4
326,4,14,10,6,3,0.09943914206060767,0.3,4
327,4,14,10,6,3,0.25401741648205406,0.4,4
328,4,14,10,6,4,0.3152412415196549,0.5,4
329,4,14,10,6,9,0.8091947089452642,1.0,4
330,5,14,0,5,2,0.05367153006679837,0.1,4
331,5,14,0,5,3,0.09943914206060764,0.2,4
332,5,14,0,5,4,0.17033075612219145,0.3,4
333,5,14,0,5,4,0.17033075612219198,0.4,4
334,5,14,0,5,4,0.24258497551536662,0.5,4
335,5,14,0,5,7,0.7889494449976602,1.0,4
336,5,14,1,5,2,0.1290427688291949,0.1,4
337,5,14,1,5,3,0.1060383978025832,0.2,4
338,5,14,1,5,3,0.08079966843216856,0.3,4
339,5,14,1,5,4,0.28055023010968255,0.4,4
340,5,14,1,5,4,0.28055023010968266,0.5,4
341,5,14,1,5,6,0.8208615202076257,1.0,4
342,5,14,2,6,3,0.03339333756175375,0.1,4
343,5,14,2,6,3,0.1060383978025832,0.2,4
344,5,14,2,6,3,0.1060383978025832,0.3,4
345,5,14,2,6,4,0.18413121666566434,0.4,4
346,5,14,2,6,4,0.18413121666566443,0.5,4
347,5,14,2,6,7,0.8872275292241553,1.0,4
348,5,14,3,5,2,0.06069646975189524,0.1,4
349,5,14,3,5,3,0.07918309047197516,0.2,4
350,5,14,3,5,3,0.17401441045694246,0.3,4
351,5,14,3,5,3,0.08410189265369172,0.4,4
352,5,14,3,5,4,0.3144434953919928,0.5,4
353,5,14,3,5,6,0.7293460400129755,1.0,4
354,5,14,4,5,2,0.004798356575649754,0.1,4
355,5,14,4,5,2,0.004798356575649754,0.2,4
356,5,14,4,5,2,0.004798356575649754,0.3,4
357,5,14,4,5,2,0.004798356575649754,0.4,4
358,5,14,4,5,3,0.31877343118058493,0.5,4
359,5,14,4,5,7,0.7468577407479111,1.0,4
360,5,14,5,5,2,0.1290427688291949,0.1,4
361,5,14,5,5,3,0.10603839780258308,0.2,4
362,5,14,5,5,3,0.08079966843216856,0.3,4
363,5,14,5,5,4,0.18413121666566443,0.4,4
364,5,14,5,5,4,0.25266489530224934,0.5,4
365,5,14,5,5,6,0.8114783294411326,1.0,4
366,5,14,6,5,2,0.06069646975189524,0.1,4
367,5,14,6,5,3,0.07918309047197516,0.2,4
368,5,14,6,5,3,0.07918309047197539,0.3,4
369,5,14,6,5,4,0.18341552561779223,0.4,4
370,5,14,6,5,4,0.1834155256177922,0.5,4
371,5,14,6,5,6,0.7209051750305332,1.0,4
372,5,14,7,5,2,0.028942209516450434,0.1,4
373,5,14,7,5,3,0.10603839780258308,0.2,4
374,5,14,7,5,3,0.1060383978025832,0.3,4
375,5,14,7,5,4,0.18413121666566437,0.4,4
376,5,14,7,5,4,0.18413121666566443,0.5,4
377,5,14,7,5,6,0.7714662978502944,1.0,4
378,5,14,8,6,2,0.05367153006679837,0.1,4
379,5,14,8,6,3,0.09943914206060764,0.2,4
380,5,14,8,6,3,0.16002471096435744,0.3,4
381,5,14,8,6,4,0.1834155256177923,0.4,4
382,5,14,8,6,4,0.24258497551536648,0.5,4
383,5,14,8,6,7,0.7150234430110992,1.0,4
384,5,14,9,6,2,0.1290427688291949,0.1,4
385,5,14,9,6,3,0.1060383978025832,0.2,4
386,5,14,9,6,4,0.17033075612219173,0.3,4
387,5,14,9,6,4,0.28055023010968266,0.4,4
388,5,14,9,6,4,0.2526648953022491,0.5,4
389,5,14,9,6,6,0.8114783294411332,1.0,4
390,5,14,10,6,2,0.06069646975189524,0.1,4
391,5,14,10,6,3,0.09943914206060764,0.2,4
392,5,14,10,6,4,0.17033075612219212,0.3,4
393,5,14,10,6,4,0.17033075612219184,0.4,4
394,5,14,10,6,4,0.17033075612219162,0.5,4
395,5,14,10,6,7,0.7468577407479107,1.0,4
396,6,14,0,5,2,0.05367153006679848,0.1,4
397,6,14,0,5,2,0.05367153006679848,0.2,4
398,6,14,0,5,4,0.17033075612219126,0.3,4
399,6,14,0,5,4,0.17033075612219142,0.4,4
400,6,14,0,5,4,0.2425849755153673,0.5,4
401,6,14,0,5,7,0.7889494449976607,1.0,4
402,6,14,1,5,2,0.12904276882919508,0.1,4
403,6,14,1,5,3,0.10603839780258324,0.2,4
404,6,14,1,5,3,0.08079966843216843,0.3,4
405,6,14,1,5,4,0.2805502301096827,0.4,4
406,6,14,1,5,4,0.28055023010968266,0.5,4
407,6,14,1,5,6,0.8208615202076269,1.0,4
408,6,14,2,6,3,0.03339333756175369,0.1,4
409,6,14,2,6,3,0.10603839780258324,0.2,4
410,6,14,2,6,3,0.10603839780258308,0.3,4
411,6,14,2,6,4,0.1841312166656646,0.4,4
412,6,14,2,6,4,0.1841312166656644,0.5,4
413,6,14,2,6,7,0.8872275292241553,1.0,4
414,6,14,3,5,2,0.060696469751895354,0.1,4
415,6,14,3,5,3,0.07918309047197539,0.2,4
416,6,14,3,5,3,0.17401441045694246,0.3,4
417,6,14,3,5,3,0.08410189265369172,0.4,4
418,6,14,3,5,4,0.3144434953919928,0.5,4
419,6,14,3,5,6,0.7293460400129754,1.0,4
420,6,14,4,5,2,0.028942209516450323,0.1,4
421,6,14,4,5,2,0.028942209516450323,0.2,4
422,6,14,4,5,2,0.028942209516450323,0.3,4
423,6,14,4,5,2,0.028942209516450323,0.4,4
424,6,14,4,5,3,0.3187734311805852,0.5,4
425,6,14,4,5,7,0.746857740747912,1.0,4
426,6,14,5,5,2,0.12904276882919508,0.1,4
427,6,14,5,5,3,0.1060383978025832,0.2,4
428,6,14,5,5,3,0.08079966843216844,0.3,4
429,6,14,5,5,4,0.18413121666566437,0.4,4
430,6,14,5,5,4,0.25266489530224945,0.5,4
431,6,14,5,5,6,0.8114783294411326,1.0,4
432,6,14,6,5,2,0.060696469751895354,0.1,4
433,6,14,6,5,3,0.07918309047197516,0.2,4
434,6,14,6,5,3,0.07918309047197516,0.3,4
435,6,14,6,5,4,0.18341552561779237,0.4,4
436,6,14,6,5,4,0.18341552561779229,0.5,4
437,6,14,6,5,6,0.7209051750305335,1.0,4
438,6,14,7,5,2,0.028942209516450323,0.1,4
439,6,14,7,5,3,0.10603839780258308,0.2,4
440,6,14,7,5,3,0.1060383978025833,0.3,4
441,6,14,7,5,4,0.1841312166656645,0.4,4
442,6,14,7,5,4,0.18413121666566484,0.5,4
443,6,14,7,5,6,0.7714662978502942,1.0,4
444,6,14,8,6,2,0.05367153006679848,0.1,4
445,6,14,8,6,3,0.07918309047197539,0.2,4
446,6,14,8,6,3,0.16002471096435744,0.3,4
447,6,14,8,6,4,0.18341552561779248,0.4,4
448,6,14,8,6,4,0.2425849755153665,0.5,4
449,6,14,8,6,7,0.7150234430110992,1.0,4
450,6,14,9,6,2,0.12904276882919508,0.1,4
451,6,14,9,6,3,0.1060383978025832,0.2,4
452,6,14,9,6,4,0.1703307561221921,0.3,4
453,6,14,9,6,4,0.28055023010968283,0.4,4
454,6,14,9,6,4,0.2526648953022495,0.5,4
455,6,14,9,6,6,0.8114783294411344,1.0,4
456,6,14,10,6,2,0.060696469751895354,0.1,4
457,6,14,10,6,2,0.060696469751895354,0.2,4
458,6,14,10,6,4,0.17033075612219206,0.3,4
459,6,14,10,6,4,0.17033075612219145,0.4,4
460,6,14,10,6,4,0.17033075612219184,0.5,4
461,6,14,10,6,7,0.7468577407479111,1.0,4
462,7,14,0,5,2,0.10976941281584396,0.1,4
463,7,14,0,5,3,0.0994391420606077,0.2,4
464,7,14,0,5,3,0.0994391420606077,0.3,4
465,7,14,0,5,3,0.0994391420606077,0.4,4
466,7,14,0,5,3,0.0994391420606077,0.5,4
467,7,14,0,5,7,0.7149956031228647,1.0,4
468,7,14,1,5,2,0.03439817405344736,0.1,4
469,7,14,1,5,3,0.08079966843216897,0.2,4
470,7,14,1,5,3,0.08079966843216879,0.3,4
471,7,14,1,5,3,0.08079966843216879,0.4,4
472,7,14,1,5,3,0.12081147570849254,0.5,4
473,7,14,1,5,7,0.7311585704021397,1.0,4
474,7,14,2,6,2,0.017441405420997813,0.1,4
475,7,14,2,6,3,0.08079966843216897,0.2,4
476,7,14,2,6,3,0.08079966843216897,0.3,4
477,7,14,2,6,3,0.13042420559230822,0.4,4
478,7,14,2,6,4,0.25266489530224967,0.5,4
479,7,14,2,6,8,0.8057795980305342,1.0,4
480,7,14,3,5,2,0.10274447313074708,0.1,4
481,7,14,3,5,3,0.07918309047197547,0.2,4
482,7,14,3,5,3,0.17401441045694255,0.3,4
483,7,14,3,5,3,0.17401441045694255,0.4,4
484,7,14,3,5,3,0.1696357272944853,0.5,4
485,7,14,3,5,7,0.6329830796482558,1.0,4
486,7,14,4,5,2,0.017441405420997813,0.1,4
487,7,14,4,5,2,0.14861920498520287,0.2,4
488,7,14,4,5,2,0.14861920498520287,0.3,4
489,7,14,4,5,2,0.14861920498520287,0.4,4
490,7,14,4,5,3,0.2249055118580156,0.5,4
491,7,14,4,5,7,0.711691017174972,1.0,4
492,7,14,5,5,2,0.03439817405344736,0.1,4
493,7,14,5,5,3,0.08079966843216897,0.2,4
494,7,14,5,5,3,0.07290375711085266,0.3,4
495,7,14,5,5,3,0.07290375711085266,0.4,4
496,7,14,5,5,4,0.25266489530224967,0.5,4
497,7,14,5,5,7,0.6882021028804698,1.0,4
498,7,14,6,5,2,0.10274447313074708,0.1,4
499,7,14,6,5,3,0.07918309047197537,0.2,4
500,7,14,6,5,3,0.07918309047197516,0.3,4
501,7,14,6,5,3,0.07918309047197516,0.4,4
502,7,14,6,5,3,0.07918309047197539,0.5,4
503,7,14,6,5,9,0.8514711990206313,1.0,4
504,7,14,7,5,2,0.017441405420997813,0.1,4
505,7,14,7,5,3,0.08079966843216883,0.2,4
506,7,14,7,5,3,0.08079966843216897,0.3,4
507,7,14,7,5,3,0.13042420559230822,0.4,4
508,7,14,7,5,4,0.315241241519655,0.5,4
509,7,14,7,5,8,0.7616536868016341,1.0,4
510,7,14,8,6,2,0.10976941281584396,0.1,4
511,7,14,8,6,3,0.09943914206060764,0.2,4
512,7,14,8,6,3,0.1600247109643574,0.3,4
513,7,14,8,6,3,0.16002471096435744,0.4,4
514,7,14,8,6,4,0.25974293976149276,0.5,4
515,7,14,8,6,9,0.851471199020631,1.0,4
516,7,14,9,6,2,0.03439817405344736,0.1,4
517,7,14,9,6,3,0.08079966843216897,0.2,4
518,7,14,9,6,3,0.08079966843216879,0.3,4
519,7,14,9,6,3,0.11723528433266193,0.4,4
520,7,14,9,6,4,0.25266489530224967,0.5,4
521,7,14,9,6,8,0.761653686801634,1.0,4
522,7,14,10,6,2,0.10274447313074708,0.1,4
523,7,14,10,6,3,0.0994391420606077,0.2,4
524,7,14,10,6,3,0.17401441045694255,0.3,4
525,7,14,10,6,3,0.17401441045694255,0.4,4
526,7,14,10,6,4,0.3152412415196551,0.5,4
527,7,14,10,6,8,0.7308401155862506,1.0,4
528,8,14,0,5,2,0.032449431670398265,0.1,4
529,8,14,0,5,2,0.032449431670398265,0.2,4
530,8,14,0,5,4,0.1703307561221906,0.3,4
531,8,14,0,5,4,0.17033075612219167,0.4,4
532,8,14,0,5,4,0.24258497551536645,0.5,4
533,8,14,0,5,7,0.7889494449976605,1.0,4
534,8,14,1,5,2,0.10782067043279486,0.1,4
535,8,14,1,5,3,0.10603839780258345,0.2,4
536,8,14,1,5,3,0.08079966843216856,0.3,4
537,8,14,1,5,4,0.28055023010968255,0.4,4
538,8,14,1,5,4,0.2805502301096826,0.5,4
539,8,14,1,5,6,0.6898378922317177,1.0,4
540,8,14,2,6,3,0.03339333756175383,0.1,4
541,8,14,2,6,3,0.10603839780258345,0.2,4
542,8,14,2,6,3,0.10603839780258345,0.3,4
543,8,14,2,6,4,0.18413121666566454,0.4,4
544,8,14,2,6,4,0.1841312166656644,0.5,4
545,8,14,2,6,7,0.7338123311321939,1.0,4
546,8,14,3,5,2,0.03947437135549514,0.1,4
547,8,14,3,5,3,0.07918309047197519,0.2,4
548,8,14,3,5,3,0.1564819706374869,0.3,4
549,8,14,3,5,3,0.1564819706374869,0.4,4
550,8,14,3,5,3,0.1564819706374869,0.5,4
551,8,14,3,5,5,0.6587085734851529,1.0,4
552,8,14,4,5,2,0.050164307912850536,0.1,4
553,8,14,4,5,2,0.050164307912850536,0.2,4
554,8,14,4,5,2,0.050164307912850536,0.3,4
555,8,14,4,5,2,0.050164307912850536,0.4,4
556,8,14,4,5,3,0.31877343118058515,0.5,4
557,8,14,4,5,7,0.7468577407479108,1.0,4
558,8,14,5,5,2,0.10782067043279486,0.1,4
559,8,14,5,5,3,0.10603839780258324,0.2,4
560,8,14,5,5,3,0.08079966843216856,0.3,4
561,8,14,5,5,4,0.18413121666566443,0.4,4
562,8,14,5,5,4,0.18413121666566437,0.5,4
563,8,14,5,5,6,0.6812313951501001,1.0,4
564,8,14,6,5,2,0.03947437135549514,0.1,4
565,8,14,6,5,3,0.07918309047197539,0.2,4
566,8,14,6,5,3,0.07918309047197516,0.3,4
567,8,14,6,5,4,0.1834155256177925,0.4,4
568,8,14,6,5,4,0.1834155256177925,0.5,4
569,8,14,6,5,6,0.7209051750305332,1.0,4
570,8,14,7,5,2,0.050164307912850536,0.1,4
571,8,14,7,5,3,0.10603839780258324,0.2,4
572,8,14,7,5,3,0.10603839780258324,0.3,4
573,8,14,7,5,4,0.18413121666566454,0.4,4
574,8,14,7,5,4,0.18413121666566443,0.5,4
575,8,14,7,5,6,0.7714662978502947,1.0,4
576,8,14,8,6,2,0.032449431670398265,0.1,4
577,8,14,8,6,3,0.07918309047197516,0.2,4
578,8,14,8,6,3,0.13671456721644704,0.3,4
579,8,14,8,6,4,0.18341552561779248,0.4,4
580,8,14,8,6,4,0.24258497551536645,0.5,4
581,8,14,8,6,6,0.6432480524765147,1.0,4
582,8,14,9,6,2,0.10782067043279486,0.1,4
583,8,14,9,6,3,0.1060383978025832,0.2,4
584,8,14,9,6,4,0.17033075612219215,0.3,4
585,8,14,9,6,4,0.2805502301096826,0.4,4
586,8,14,9,6,4,0.28055023010968255,0.5,4
587,8,14,9,6,6,0.6812313951500996,1.0,4
588,8,14,10,6,2,0.03947437135549514,0.1,4
589,8,14,10,6,2,0.03947437135549514,0.2,4
590,8,14,10,6,4,0.17033075612219248,0.3,4
591,8,14,10,6,4,0.17033075612219092,0.4,4
592,8,14,10,6,4,0.17033075612219092,0.5,4
593,8,14,10,6,7,0.746857740747911,1.0,4
594,9,14,0,5,2,0.06228327668805833,0.1,4
595,9,14,0,5,3,0.09943914206060764,0.2,4
596,9,14,0,5,4,0.170330756122192,0.3,4
597,9,14,0,5,4,0.17033075612219217,0.4,4
598,9,14,0,5,4,0.24258497551536642,0.5,4
599,9,14,0,5,7,0.788949444997661,1.0,4
600,9,14,1,5,2,0.013087962074338155,0.1,4
601,9,14,1,5,3,0.10603839780258324,0.2,4
602,9,14,1,5,3,0.0807996684321684,0.3,4
603,9,14,1,5,4,0.28055023010968244,0.4,4
604,9,14,1,5,4,0.2805502301096828,0.5,4
605,9,14,1,5,6,0.777485687005315,1.0,4
606,9,14,2,6,3,0.03339333756175375,0.1,4
607,9,14,2,6,3,0.1060383978025832,0.2,4
608,9,14,2,6,3,0.14666411036886162,0.3,4
609,9,14,2,6,4,0.18413121666566437,0.4,4
610,9,14,2,6,4,0.18413121666566445,0.5,4
611,9,14,2,6,7,0.7338123311321941,1.0,4
612,9,14,3,5,2,0.055258337002961455,0.1,4
613,9,14,3,5,3,0.07918309047197507,0.2,4
614,9,14,3,5,3,0.1564819706374871,0.3,4
615,9,14,3,5,3,0.1564819706374871,0.4,4
616,9,14,3,5,3,0.1564819706374871,0.5,4
617,9,14,3,5,7,0.8072853142283312,1.0,4
618,9,14,4,5,2,0.055019654589847145,0.1,4
619,9,14,4,5,2,0.055019654589847145,0.2,4
620,9,14,4,5,2,0.055019654589847145,0.3,4
621,9,14,4,5,2,0.055019654589847145,0.4,4
622,9,14,4,5,3,0.31877343118058565,0.5,4
623,9,14,4,5,7,0.7468577407479108,1.0,4
624,9,14,5,5,2,0.013087962074338155,0.1,4
625,9,14,5,5,3,0.10603839780258308,0.2,4
626,9,14,5,5,3,0.08079966843216856,0.3,4
627,9,14,5,5,4,0.1841312166656645,0.4,4
628,9,14,5,5,4,0.25266489530224945,0.5,4
629,9,14,5,5,6,0.8114783294411342,1.0,4
630,9,14,6,5,2,0.055258337002961455,0.1,4
631,9,14,6,5,3,0.07918309047197507,0.2,4
632,9,14,6,5,3,0.07918309047197507,0.3,4
633,9,14,6,5,4,0.18341552561779217,0.4,4
634,9,14,6,5,4,0.1834155256177924,0.5,4
635,9,14,6,5,7,0.8098464418168815,1.0,4
636,9,14,7,5,2,0.10484712326062329,0.1,4
637,9,14,7,5,3,0.10603839780258308,0.2,4
638,9,14,7,5,3,0.14666411036886162,0.3,4
639,9,14,7,5,4,0.18413121666566437,0.4,4
640,9,14,7,5,4,0.1841312166656646,0.5,4
641,9,14,7,5,6,0.6995304529557874,1.0,4
642,9,14,8,6,2,0.06228327668805833,0.1,4
643,9,14,8,6,3,0.09943914206060764,0.2,4
644,9,14,8,6,3,0.1367145672164472,0.3,4
645,9,14,8,6,4,0.18341552561779226,0.4,4
646,9,14,8,6,4,0.24258497551536665,0.5,4
647,9,14,8,6,7,0.5784419127355181,1.0,4
648,9,14,9,6,2,0.013087962074338155,0.1,4
649,9,14,9,6,3,0.10603839780258345,0.2,4
650,9,14,9,6,4,0.17033075612219153,0.3,4
651,9,14,9,6,4,0.28055023010968283,0.4,4
652,9,14,9,6,4,0.25266489530224917,0.5,4
653,9,14,9,6,6,0.8114783294411331,1.0,4
654,9,14,10,6,2,0.055258337002961455,0.1,4
655,9,14,10,6,3,0.09943914206060764,0.2,4
656,9,14,10,6,4,0.17033075612219176,0.3,4
657,9,14,10,6,4,0.17033075612219117,0.4,4
658,9,14,10,6,4,0.17033075612219176,0.5,4
659,9,14,10,6,7,0.7468577407479112,1.0,4
660,10,14,0,5,2,0.1097694128158444,0.1,4
661,10,14,0,5,2,0.1097694128158444,0.2,4
662,10,14,0,5,3,0.09943914206060767,0.3,4
663,10,14,0,5,3,0.09943914206060764,0.4,4
664,10,14,0,5,3,0.09943914206060764,0.5,4
665,10,14,0,5,7,0.7143984417433045,1.0,4
666,10,14,1,5,2,0.034398174053447805,0.1,4
667,10,14,1,5,2,0.034398174053447805,0.2,4
668,10,14,1,5,3,0.07290375711085256,0.3,4
669,10,14,1,5,3,0.07290375711085256,0.4,4
670,10,14,1,5,3,0.12081147570849235,0.5,4
671,10,14,1,5,7,0.8398640257098914,1.0,4
672,10,14,2,6,2,0.017441405420997813,0.1,4
673,10,14,2,6,2,0.14861920498520287,0.2,4
674,10,14,2,6,3,0.07290375711085256,0.3,4
675,10,14,2,6,3,0.1304242055923083,0.4,4
676,10,14,2,6,4,0.25266489530224967,0.5,4
677,10,14,2,6,9,0.8091947089452634,1.0,4
678,10,14,3,5,2,0.10274447313074753,0.1,4
679,10,14,3,5,3,0.07918309047197547,0.2,4
680,10,14,3,5,3,0.07918309047197547,0.3,4
681,10,14,3,5,3,0.1740144104569424,0.4,4
682,10,14,3,5,3,0.1696357272944853,0.5,4
683,10,14,3,5,7,0.6329830796482558,1.0,4
684,10,14,4,5,2,0.017441405420997813,0.1,4
685,10,14,4,5,2,0.14861920498520287,0.2,4
686,10,14,4,5,2,0.14861920498520287,0.3,4
687,10,14,4,5,2,0.14861920498520287,0.4,4
688,10,14,4,5,3,0.2249055118580156,0.5,4
689,10,14,4,5,7,0.7116910171749722,1.0,4
690,10,14,5,5,2,0.034398174053447805,0.1,4
691,10,14,5,5,2,0.034398174053447805,0.2,4
692,10,14,5,5,3,0.07290375711085256,0.3,4
693,10,14,5,5,3,0.07290375711085256,0.4,4
694,10,14,5,5,4,0.25266489530224945,0.5,4
695,10,14,5,5,8,0.7561896552517627,1.0,4
696,10,14,6,5,2,0.10274447313074753,0.1,4
697,10,14,6,5,3,0.07918309047197539,0.2,4
698,10,14,6,5,3,0.07918309047197539,0.3,4
699,10,14,6,5,3,0.22718059491084253,0.4,4
700,10,14,6,5,3,0.22718059491084278,0.5,4
701,10,14,6,5,7,0.6535135342546674,1.0,4
702,10,14,7,5,2,0.017441405420997813,0.1,4
703,10,14,7,5,3,0.07918309047197539,0.2,4
704,10,14,7,5,3,0.07918309047197539,0.3,4
705,10,14,7,5,3,0.1304242055923083,0.4,4
706,10,14,7,5,4,0.3152412415196549,0.5,4
707,10,14,7,5,8,0.6911053438205834,1.0,4
708,10,14,8,6,2,0.1097694128158444,0.1,4
709,10,14,8,6,3,0.07918309047197539,0.2,4
710,10,14,8,6,3,0.09943914206060764,0.3,4
711,10,14,8,6,3,0.16002471096435691,0.4,4
712,10,14,8,6,4,0.25974293976149215,0.5,4
713,10,14,8,6,9,0.8091947089452637,1.0,4
714,10,14,9,6,2,0.034398174053447805,0.1,4
715,10,14,9,6,3,0.07918309047197547,0.2,4
716,10,14,9,6,3,0.07290375711085256,0.3,4
717,10,14,9,6,3,0.1172352843326617,0.4,4
718,10,14,9,6,4,0.25266489530224967,0.5,4
719,10,14,9,6,8,0.7561896552517628,1.0,4
720,10,14,10,6,2,0.10274447313074753,0.1,4
721,10,14,10,6,2,0.10274447313074753,0.2,4
722,10,14,10,6,3,0.09943914206060764,0.3,4
723,10,14,10,6,3,0.1740144104569424,0.4,4
724,10,14,10,6,4,0.31524124151965527,0.5,4
725,10,14,10,6,9,0.8091947089452636,1.0,4
726,11,15,0,5,2,0.06517233416225099,0.1,4
727,11,15,0,5,3,0.09943914206060764,0.2,4
728,11,15,0,5,3,0.09943914206060762,0.3,4
729,11,15,0,5,3,0.09943914206060767,0.4,4
730,11,15,0,5,4,0.24258497551536648,0.5,4
731,11,15,0,5,7,0.7234508236942027,1.0,4
732,11,15,1,5,2,0.03439817405344736,0.1,4
733,11,15,1,5,3,0.10603839780258308,0.2,4
734,11,15,1,5,3,0.08079966843216863,0.3,4
735,11,15,1,5,3,0.1519017449038099,0.4,4
736,11,15,1,5,3,0.12081147570849217,0.5,4
737,11,15,1,5,7,0.7311585704021399,1.0,4
738,11,15,2,6,3,0.03339333756175369,0.1,4
739,11,15,2,6,3,0.1060383978025832,0.2,4
740,11,15,2,6,3,0.1060383978025832,0.3,4
741,11,15,2,6,4,0.18413121666566462,0.4,4
742,11,15,2,6,4,0.18413121666566443,0.5,4
743,11,15,2,6,7,0.7451262047016435,1.0,4
744,11,15,3,5,2,0.07219727384734786,0.1,4
745,11,15,3,5,3,0.07918309047197576,0.2,4
746,11,15,3,5,3,0.1740144104569424,0.3,4
747,11,15,3,5,3,0.1740144104569424,0.4,4
748,11,15,3,5,3,0.17401441045694238,0.5,4
749,11,15,3,5,8,0.8462719590911535,1.0,4
750,11,15,4,5,2,0.055019654589847145,0.1,4
751,11,15,4,5,2,0.055019654589847145,0.2,4
752,11,15,4,5,2,0.055019654589847145,0.3,4
753,11,15,4,5,2,0.055019654589847145,0.4,4
754,11,15,4,5,3,0.22490551185801508,0.5,4
755,11,15,4,5,6,0.821010689460545,1.0,4
756,11,15,5,5,2,0.03439817405344736,0.1,4
757,11,15,5,5,3,0.10603839780258308,0.2,4
758,11,15,5,5,3,0.07290375711085256,0.3,4
759,11,15,5,5,4,0.18413121666566454,0.4,4
760,11,15,5,5,4,0.25266489530224967,0.5,4
761,11,15,5,5,7,0.745126204701644,1.0,4
762,11,15,6,5,2,0.07219727384734786,0.1,4
763,11,15,6,5,3,0.07918309047197507,0.2,4
764,11,15,6,5,3,0.07918309047197539,0.3,4
765,11,15,6,5,4,0.18341552561779223,0.4,4
766,11,15,6,5,4,0.18341552561779234,0.5,4
767,11,15,6,5,7,0.8098464418168817,1.0,4
768,11,15,7,5,2,0.017441405420997813,0.1,4
769,11,15,7,5,3,0.10603839780258345,0.2,4
770,11,15,7,5,3,0.10603839780258308,0.3,4
771,11,15,7,5,4,0.18413121666566482,0.4,4
772,11,15,7,5,4,0.1841312166656645,0.5,4
773,11,15,7,5,8,0.8559141808600934,1.0,4
774,11,15,8,6,2,0.06517233416225099,0.1,4
775,11,15,8,6,3,0.09943914206060768,0.2,4
776,11,15,8,6,3,0.1600247109643568,0.3,4
777,11,15,8,6,4,0.18341552561779248,0.4,4
778,11,15,8,6,4,0.24258497551536648,0.5,4
779,11,15,8,6,8,0.6261079914963086,1.0,4
780,11,15,9,6,2,0.03439817405344736,0.1,4
781,11,15,9,6,3,0.1060383978025833,0.2,4
782,11,15,9,6,3,0.08079966843216865,0.3,4
783,11,15,9,6,4,0.18413121666566454,0.4,4
784,11,15,9,6,4,0.25266489530224967,0.5,4
785,11,15,9,6,8,0.715731988754177,1.0,4
786,11,15,10,6,2,0.07219727384734786,0.1,4
787,11,15,10,6,3,0.09943914206060767,0.2,4
788,11,15,10,6,3,0.1740144104569424,0.3,4
789,11,15,10,6,3,0.1740144104569424,0.4,4
790,11,15,10,6,4,0.30321445779513084,0.5,4
791,11,15,10,6,7,0.7699022955224807,1.0,4
792,12,15,0,5,2,0.12314616795856992,0.1,4
793,12,15,0,5,2,0.12314616795856992,0.2,4
794,12,15,0,5,3,0.0994391420606077,0.3,4
795,12,15,0,5,3,0.0994391420606077,0.4,4
796,12,15,0,5,3,0.09943914206060764,0.5,4
797,12,15,0,5,7,0.7143984417433047,1.0,4
798,12,15,1,5,2,0.04777492919617343,0.1,4
799,12,15,1,5,2,0.04777492919617343,0.2,4
800,12,15,1,5,3,0.07290375711085263,0.3,4
801,12,15,1,5,3,0.0729037571108527,0.4,4
802,12,15,1,5,3,0.12081147570849235,0.5,4
803,12,15,1,5,7,0.8398640257098912,1.0,4
804,12,15,2,6,2,0.017441405420997813,0.1,4
805,12,15,2,6,2,0.14861920498520287,0.2,4
806,12,15,2,6,3,0.0729037571108527,0.3,4
807,12,15,2,6,3,0.13042420559230827,0.4,4
808,12,15,2,6,4,0.25266489530224984,0.5,4
809,12,15,2,6,9,0.8091947089452631,1.0,4
810,12,15,3,5,2,0.11612122827347304,0.1,4
811,12,15,3,5,3,0.07918309047197539,0.2,4
812,12,15,3,5,3,0.07918309047197537,0.3,4
813,12,15,3,5,3,0.25401741648205406,0.4,4
814,12,15,3,5,3,0.16963572729448537,0.5,4
815,12,15,3,5,7,0.6329830796482561,1.0,4
816,12,15,4,5,2,0.017441405420997813,0.1,4
817,12,15,4,5,2,0.14861920498520287,0.2,4
818,12,15,4,5,2,0.14861920498520287,0.3,4
819,12,15,4,5,2,0.14861920498520287,0.4,4
820,12,15,4,5,3,0.2249055118580156,0.5,4
821,12,15,4,5,7,0.7116910171749733,1.0,4
822,12,15,5,5,2,0.04777492919617343,0.1,4
823,12,15,5,5,2,0.04777492919617343,0.2,4
824,12,15,5,5,3,0.07290375711085266,0.3,4
825,12,15,5,5,3,0.07290375711085267,0.4,4
826,12,15,5,5,4,0.2526648953022491,0.5,4
827,12,15,5,5,8,0.7561896552517626,1.0,4
828,12,15,6,5,2,0.11612122827347304,0.1,4
829,12,15,6,5,3,0.07918309047197507,0.2,4
830,12,15,6,5,3,0.07918309047197537,0.3,4
831,12,15,6,5,3,0.22718059491084258,0.4,4
832,12,15,6,5,3,0.22718059491084258,0.5,4
833,12,15,6,5,7,0.653513534254667,1.0,4
834,12,15,7,5,2,0.017441405420997813,0.1,4
835,12,15,7,5,3,0.07918309047197507,0.2,4
836,12,15,7,5,3,0.07918309047197537,0.3,4
837,12,15,7,5,3,0.1304242055923083,0.4,4
838,12,15,7,5,4,0.31524124151965505,0.5,4
839,12,15,7,5,8,0.6911053438205835,1.0,4
840,12,15,8,6,2,0.12314616795856992,0.1,4
841,12,15,8,6,3,0.07918309047197539,0.2,4
842,12,15,8,6,3,0.13671456721644704,0.3,4
843,12,15,8,6,3,0.13671456721644643,0.4,4
844,12,15,8,6,4,0.25974293976149293,0.5,4
845,12,15,8,6,9,0.8091947089452639,1.0,4
846,12,15,9,6,2,0.04777492919617343,0.1,4
847,12,15,9,6,3,0.07918309047197516,0.2,4
848,12,15,9,6,3,0.07290375711085266,0.3,4
849,12,15,9,6,3,0.11723528433266193,0.4,4
850,12,15,9,6,4,0.2526648953022494,0.5,4
851,12,15,9,6,8,0.7561896552517625,1.0,4
852,12,15,10,6,2,0.11612122827347304,0.1,4
853,12,15,10,6,2,0.11612122827347304,0.2,4
854,12,15,10,6,3,0.09943914206060764,0.3,4
855,12,15,10,6,3,0.25401741648205406,0.4,4
856,12,15,10,6,4,0.31524124151965477,0.5,4
857,12,15,10,6,9,0.8091947089452639,1.0,4
858,13,5,0,5,2,0.06228327668805833,0.1,4
859,13,5,0,5,4,0.1703307561221902,0.2,4
860,13,5,0,5,4,0.17033075612219248,0.3,4
861,13,5,0,5,4,0.17033075612219234,0.4,4
862,13,5,0,5,4,0.17033075612219192,0.5,4
863,13,5,0,5,5,0.6996956878944394,1.0,4
864,13,5,1,5,2,0.013087962074338155,0.1,4
865,13,5,1,5,3,0.08079966843216874,0.2,4
866,13,5,1,5,3,0.08079966843216843,0.3,4
867,13,5,1,5,3,0.08079966843216856,0.4,4
868,13,5,1,5,3,0.08079966843216843,0.5,4
869,13,5,1,5,4,0.35008893105983147,1.0,4
870,13,5,2,6,2,0.14489701627130713,0.1,4
871,13,5,2,6,3,0.08079966843216908,0.2,4
872,13,5,2,6,3,0.1466641103688616,0.3,4
873,13,5,2,6,3,0.14666411036886184,0.4,4
874,13,5,2,6,3,0.14666411036886184,0.5,4
875,13,5,2,6,5,0.5873992970201789,1.0,4
876,13,5,3,5,2,0.055258337002961455,0.1,4
877,13,5,3,5,3,0.07918309047197507,0.2,4
878,13,5,3,5,3,0.1564819706374871,0.3,4
879,13,5,3,5,3,0.1564819706374869,0.4,4
880,13,5,3,5,3,0.1564819706374871,0.5,4
881,13,5,3,5,5,0.7814625663339397,1.0,4
882,13,5,4,5,2,0.14489701627130713,0.1,4
883,13,5,4,5,2,0.14489701627130713,0.2,4
884,13,5,4,5,2,0.14489701627130713,0.3,4
885,13,5,4,5,2,0.14489701627130713,0.4,4
886,13,5,4,5,3,0.18937452289790685,0.5,4
887,13,5,4,5,5,0.6567023173789382,1.0,4
888,13,5,5,5,2,0.013087962074338155,0.1,4
889,13,5,5,5,3,0.08079966843216844,0.2,4
890,13,5,5,5,3,0.08079966843216843,0.3,4
891,13,5,5,5,3,0.08079966843216843,0.4,4
892,13,5,5,5,3,0.08079966843216843,0.5,4
893,13,5,5,5,5,0.5873992970201785,1.0,4
894,13,5,6,5,2,0.055258337002961455,0.1,4
895,13,5,6,5,3,0.07918309047197516,0.2,4
896,13,5,6,5,3,0.07918309047197516,0.3,4
897,13,5,6,5,3,0.07918309047197516,0.4,4
898,13,5,6,5,3,0.1845668950243509,0.5,4
899,13,5,6,5,4,0.5504264947748365,1.0,4
900,13,5,7,5,2,0.14489701627130713,0.1,4
901,13,5,7,5,3,0.08079966843216897,0.2,4
902,13,5,7,5,3,0.14666411036886193,0.3,4
903,13,5,7,5,3,0.14666411036886184,0.4,4
904,13,5,7,5,3,0.14666411036886184,0.5,4
905,13,5,7,5,4,0.5881480963623359,1.0,4
906,13,5,8,6,2,0.06228327668805833,0.1,4
907,13,5,8,6,3,0.07918309047197519,0.2,4
908,13,5,8,6,3,0.14161781832326248,0.3,4
909,13,5,8,6,3,0.14161781832326256,0.4,4
910,13,5,8,6,3,0.2211669024810296,0.5,4
911,13,5,8,6,5,0.6503545198999898,1.0,4
912,13,5,9,6,2,0.013087962074338155,0.1,4
913,13,5,9,6,3,0.08079966843216856,0.2,4
914,13,5,9,6,4,0.17033075612219215,0.3,4
915,13,5,9,6,4,0.17033075612219206,0.4,4
916,13,5,9,6,4,0.17033075612219148,0.5,4
917,13,5,9,6,5,0.5873992970201783,1.0,4
918,13,5,10,6,2,0.055258337002961455,0.1,4
919,13,5,10,6,2,0.055258337002961455,0.2,4
920,13,5,10,6,4,0.17033075612219248,0.3,4
921,13,5,10,6,4,0.17033075612219173,0.4,4
922,13,5,10,6,4,0.1703307561221919,0.5,4
923,13,5,10,6,5,0.8059140476713669,1.0,4
924,14,15,0,5,2,0.11784070001932567,0.1,4
925,14,15,0,5,2,0.160167535422712,0.2,4
926,14,15,0,5,3,0.0994391420606077,0.3,4
927,14,15,0,5,3,0.09943914206060764,0.4,4
928,14,15,0,5,3,0.14829791346545923,0.5,4
929,14,15,0,5,7,0.7143984417433038,1.0,4
930,14,15,1,5,2,0.08479629666031546,0.1,4
931,14,15,1,5,2,0.08479629666031546,0.2,4
932,14,15,1,5,3,0.07290375711085256,0.3,4
933,14,15,1,5,3,0.07290375711085266,0.4,4
934,14,15,1,5,3,0.11506469698992457,0.5,4
935,14,15,1,5,7,0.7112300712071943,1.0,4
936,14,15,2,6,3,0.03339333756175369,0.1,4
937,14,15,2,6,3,0.033393337561753667,0.2,4
938,14,15,2,6,3,0.03339333756175369,0.3,4
939,14,15,2,6,3,0.1304242055923083,0.4,4
940,14,15,2,6,4,0.2859549133710177,0.5,4
941,14,15,2,6,9,0.8091947089452634,1.0,4
942,14,15,3,5,2,0.1108157603342288,0.1,4
943,14,15,3,5,2,0.15314259573761513,0.2,4
944,14,15,3,5,3,0.15648197063748695,0.3,4
945,14,15,3,5,3,0.25401741648205406,0.4,4
946,14,15,3,5,3,0.25401741648205406,0.5,4
947,14,15,3,5,7,0.6329830796482557,1.0,4
948,14,15,4,5,2,0.10484712326062329,0.1,4
949,14,15,4,5,2,0.14861920498520287,0.2,4
950,14,15,4,5,2,0.14861920498520287,0.3,4
951,14,15,4,5,2,0.14861920498520287,0.4,4
952,14,15,4,5,3,0.1717446338461894,0.5,4
953,14,15,4,5,7,0.7116910171749727,1.0,4
954,14,15,5,5,2,0.08479629666031546,0.1,4
955,14,15,5,5,2,0.08479629666031546,0.2,4
956,14,15,5,5,3,0.07290375711085256,0.3,4
957,14,15,5,5,3,0.11723528433266237,0.4,4
958,14,15,5,5,3,0.11723528433266237,0.5,4
959,14,15,5,5,8,0.7561896552517631,1.0,4
960,14,15,6,5,2,0.1108157603342288,0.1,4
961,14,15,6,5,2,0.15314259573761513,0.2,4
962,14,15,6,5,3,0.1367145672164469,0.3,4
963,14,15,6,5,3,0.22718059491084283,0.4,4
964,14,15,6,5,3,0.1699174270662935,0.5,4
965,14,15,6,5,7,0.6535135342546673,1.0,4
966,14,15,7,5,2,0.10484712326062329,0.1,4
967,14,15,7,5,2,0.14861920498520287,0.2,4
968,14,15,7,5,3,0.15648197063748695,0.3,4
969,14,15,7,5,3,0.13042420559230822,0.4,4
970,14,15,7,5,4,0.31524124151965494,0.5,4
971,14,15,7,5,8,0.6911053438205835,1.0,4
972,14,15,8,6,2,0.11784070001932567,0.1,4
973,14,15,8,6,2,0.160167535422712,0.2,4
974,14,15,8,6,3,0.1367145672164472,0.3,4
975,14,15,8,6,3,0.13671456721644712,0.4,4
976,14,15,8,6,4,0.2597429397614938,0.5,4
977,14,15,8,6,9,0.8091947089452636,1.0,4
978,14,15,9,6,2,0.08479629666031546,0.1,4
979,14,15,9,6,2,0.08479629666031546,0.2,4
980,14,15,9,6,3,0.07290375711085256,0.3,4
981,14,15,9,6,3,0.11723528433266212,0.4,4
982,14,15,9,6,4,0.3152412415196549,0.5,4
983,14,15,9,6,8,0.6911053438205835,1.0,4
984,14,15,10,6,2,0.1108157603342288,0.1,4
985,14,15,10,6,2,0.15314259573761513,0.2,4
986,14,15,10,6,3,0.1564819706374869,0.3,4
987,14,15,10,6,3,0.25401741648205406,0.4,4
988,14,15,10,6,4,0.3152412415196549,0.5,4
989,14,15,10,6,9,0.809194708945264,1.0,4
990,15,15,0,5,2,0.05367153006679837,0.1,4
991,15,15,0,5,2,0.05367153006679837,0.2,4
992,15,15,0,5,4,0.17033075612219217,0.3,4
993,15,15,0,5,4,0.170330756122192,0.4,4
994,15,15,0,5,4,0.24258497551536592,0.5,4
995,15,15,0,5,7,0.7889494449976593,1.0,4
996,15,15,1,5,2,0.1290427688291949,0.1,4
997,15,15,1,5,3,0.10603839780258308,0.2,4
998,15,15,1,5,3,0.08079966843216856,0.3,4
999,15,15,1,5,4,0.28055023010968255,0.4,4
1000,15,15,1,5,4,0.28055023010968255,0.5,4
1001,15,15,1,5,6,0.8208615202076279,1.0,4
1002,15,15,2,6,3,0.03339333756175369,0.1,4
1003,15,15,2,6,3,0.10603839780258308,0.2,4
1004,15,15,2,6,3,0.10603839780258308,0.3,4
1005,15,15,2,6,4,0.18413121666566443,0.4,4
1006,15,15,2,6,4,0.18413121666566454,0.5,4
1007,15,15,2,6,7,0.8872275292241553,1.0,4
1008,15,15,3,5,2,0.06069646975189524,0.1,4
1009,15,15,3,5,3,0.07918309047197516,0.2,4
1010,15,15,3,5,3,0.17401441045694255,0.3,4
1011,15,15,3,5,3,0.08410189265369172,0.4,4
1012,15,15,3,5,4,0.31444349539199296,0.5,4
1013,15,15,3,5,6,0.7293460400129754,1.0,4
1014,15,15,4,5,2,0.011922379891523782,0.1,4
1015,15,15,4,5,2,0.011922379891523782,0.2,4
1016,15,15,4,5,2,0.011922379891523782,0.3,4
1017,15,15,4,5,3,0.04143112183807979,0.4,4
1018,15,15,4,5,3,0.04143112183807979,0.5,4
1019,15,15,4,5,7,0.746857740747911,1.0,4
1020,15,15,5,5,2,0.1290427688291949,0.1,4
1021,15,15,5,5,3,0.10603839780258308,0.2,4
1022,15,15,5,5,3,0.08079966843216856,0.3,4
1023,15,15,5,5,4,0.18413121666566437,0.4,4
1024,15,15,5,5,4,0.25266489530225006,0.5,4
1025,15,15,5,5,6,0.8114783294411336,1.0,4
1026,15,15,6,5,2,0.06069646975189524,0.1,4
1027,15,15,6,5,3,0.07918309047197519,0.2,4
1028,15,15,6,5,3,0.07918309047197539,0.3,4
1029,15,15,6,5,4,0.1834155256177922,0.4,4
1030,15,15,6,5,4,0.1834155256177922,0.5,4
1031,15,15,6,5,6,0.7209051750305332,1.0,4
1032,15,15,7,5,2,0.028942209516450434,0.1,4
1033,15,15,7,5,3,0.10603839780258308,0.2,4
1034,15,15,7,5,3,0.1060383978025832,0.3,4
1035,15,15,7,5,4,0.18413121666566443,0.4,4
1036,15,15,7,5,4,0.18413121666566437,0.5,4
1037,15,15,7,5,6,0.7714662978502942,1.0,4
1038,15,15,8,6,2,0.05367153006679837,0.1,4
1039,15,15,8,6,3,0.07918309047197539,0.2,4
1040,15,15,8,6,3,0.16002471096435752,0.3,4
1041,15,15,8,6,4,0.18341552561779226,0.4,4
1042,15,15,8,6,4,0.24258497551536656,0.5,4
1043,15,15,8,6,7,0.7150234430110994,1.0,4
1044,15,15,9,6,2,0.1290427688291949,0.1,4
1045,15,15,9,6,3,0.10603839780258308,0.2,4
1046,15,15,9,6,4,0.1703307561221916,0.3,4
1047,15,15,9,6,4,0.2805502301096825,0.4,4
1048,15,15,9,6,4,0.25266489530224917,0.5,4
1049,15,15,9,6,6,0.8114783294411343,1.0,4
1050,15,15,10,6,2,0.06069646975189524,0.1,4
1051,15,15,10,6,2,0.06069646975189524,0.2,4
1052,15,15,10,6,4,0.17033075612219187,0.3,4
1053,15,15,10,6,4,0.1703307561221918,0.4,4
1054,15,15,10,6,4,0.17033075612219165,0.5,4
1055,15,15,10,6,7,0.7468577407479113,1.0,4
1056,16,15,0,5,2,0.06600546540195407,0.1,4
1057,16,15,0,5,2,0.06600546540195407,0.2,4
1058,16,15,0,5,3,0.09943914206060767,0.3,4
1059,16,15,0,5,3,0.09943914206060764,0.4,4
1060,16,15,0,5,3,0.14829791346545906,0.5,4
1061,16,15,0,5,7,0.7149956031228661,1.0,4
1062,16,15,1,5,2,0.009365773360442475,0.1,4
1063,16,15,1,5,2,0.009365773360442475,0.2,4
1064,16,15,1,5,3,0.08079966843216879,0.3,4
1065,16,15,1,5,3,0.08079966843216879,0.4,4
1066,16,15,1,5,3,0.12081147570849236,0.5,4
1067,16,15,1,5,7,0.7112300712071941,1.0,4
1068,16,15,2,6,3,0.03339333756175369,0.1,4
1069,16,15,2,6,3,0.033393337561753784,0.2,4
1070,16,15,2,6,3,0.08079966843216843,0.3,4
1071,16,15,2,6,3,0.1304242055923083,0.4,4
1072,16,15,2,6,4,0.25266489530224934,0.5,4
1073,16,15,2,6,9,0.8091947089452637,1.0,4
1074,16,15,3,5,2,0.05898052571685719,0.1,4
1075,16,15,3,5,3,0.07918309047197547,0.2,4
1076,16,15,3,5,3,0.07918309047197547,0.3,4
1077,16,15,3,5,3,0.25401741648205406,0.4,4
1078,16,15,3,5,3,0.16963572729448534,0.5,4
1079,16,15,3,5,7,0.6329830796482554,1.0,4
1080,16,15,4,5,2,0.10484712326062329,0.1,4
1081,16,15,4,5,2,0.14861920498520287,0.2,4
1082,16,15,4,5,2,0.14861920498520287,0.3,4
1083,16,15,4,5,2,0.14861920498520287,0.4,4
1084,16,15,4,5,3,0.2249055118580156,0.5,4
1085,16,15,4,5,7,0.7116910171749727,1.0,4
1086,16,15,5,5,2,0.009365773360442475,0.1,4
1087,16,15,5,5,2,0.009365773360442475,0.2,4
1088,16,15,5,5,3,0.07290375711085267,0.3,4
1089,16,15,5,5,3,0.07290375711085256,0.4,4
1090,16,15,5,5,4,0.2526648953022491,0.5,4
1091,16,15,5,5,8,0.7561896552517633,1.0,4
1092,16,15,6,5,2,0.05898052571685719,0.1,4
1093,16,15,6,5,3,0.07918309047197539,0.2,4
1094,16,15,6,5,3,0.07918309047197537,0.3,4
1095,16,15,6,5,3,0.07918309047197537,0.4,4
1096,16,15,6,5,4,0.1834155256177922,0.5,4
1097,16,15,6,5,7,0.6535135342546672,1.0,4
1098,16,15,7,5,2,0.10484712326062329,0.1,4
1099,16,15,7,5,3,0.07918309047197516,0.2,4
1100,16,15,7,5,3,0.08079966843216843,0.3,4
1101,16,15,7,5,3,0.1304242055923083,0.4,4
1102,16,15,7,5,4,0.315241241519655,0.5,4
1103,16,15,7,5,8,0.6911053438205831,1.0,4
1104,16,15,8,6,2,0.06600546540195407,0.1,4
1105,16,15,8,6,3,0.0791830904719754,0.2,4
1106,16,15,8,6,3,0.0994391420606077,0.3,4
1107,16,15,8,6,3,0.16002471096435744,0.4,4
1108,16,15,8,6,4,0.25974293976149376,0.5,4
1109,16,15,8,6,9,0.8091947089452631,1.0,4
1110,16,15,9,6,2,0.009365773360442475,0.1,4
1111,16,15,9,6,3,0.07918309047197547,0.2,4
1112,16,15,9,6,3,0.08079966843216843,0.3,4
1113,16,15,9,6,3,0.11723528433266148,0.4,4
1114,16,15,9,6,4,0.2526648953022495,0.5,4
1115,16,15,9,6,8,0.6911053438205835,1.0,4
1116,16,15,10,6,2,0.05898052571685719,0.1,4
1117,16,15,10,6,2,0.05898052571685719,0.2,4
1118,16,15,10,6,3,0.0994391420606077,0.3,4
1119,16,15,10,6,3,0.25401741648205406,0.4,4
1120,16,15,10,6,4,0.31524124151965494,0.5,4
1121,16,15,10,6,9,0.8091947089452642,1.0,4
1122,17,15,0,5,2,0.10976941281584396,0.1,4
1123,17,15,0,5,2,0.10976941281584396,0.2,4
1124,17,15,0,5,3,0.0994391420606077,0.3,4
1125,17,15,0,5,3,0.09943914206060764,0.4,4
1126,17,15,0,5,3,0.0994391420606077,0.5,4
1127,17,15,0,5,7,0.7149956031228655,1.0,4
1128,17,15,1,5,2,0.03439817405344736,0.1,4
1129,17,15,1,5,2,0.03439817405344736,0.2,4
1130,17,15,1,5,3,0.07290375711085266,0.3,4
1131,17,15,1,5,3,0.15190174490380992,0.4,4
1132,17,15,1,5,3,0.12081147570849254,0.5,4
1133,17,15,1,5,7,0.8398640257098917,1.0,4
1134,17,15,2,6,2,0.017441405420997813,0.1,4
1135,17,15,2,6,2,0.14861920498520287,0.2,4
1136,17,15,2,6,3,0.07290375711085266,0.3,4
1137,17,15,2,6,3,0.13042420559230822,0.4,4
1138,17,15,2,6,4,0.25266489530224967,0.5,4
1139,17,15,2,6,9,0.8091947089452638,1.0,4
1140,17,15,3,5,2,0.10274447313074708,0.1,4
1141,17,15,3,5,3,0.07918309047197547,0.2,4
1142,17,15,3,5,3,0.07918309047197547,0.3,4
1143,17,15,3,5,3,0.17401441045694255,0.4,4
1144,17,15,3,5,3,0.1696357272944853,0.5,4
1145,17,15,3,5,7,0.6329830796482557,1.0,4
1146,17,15,4,5,2,0.017441405420997813,0.1,4
1147,17,15,4,5,2,0.14861920498520287,0.2,4
1148,17,15,4,5,2,0.14861920498520287,0.3,4
1149,17,15,4,5,2,0.14861920498520287,0.4,4
1150,17,15,4,5,3,0.22490551185801508,0.5,4
1151,17,15,4,5,7,0.7116910171749724,1.0,4
1152,17,15,5,5,2,0.03439817405344736,0.1,4
1153,17,15,5,5,2,0.03439817405344736,0.2,4
1154,17,15,5,5,3,0.07290375711085266,0.3,4
1155,17,15,5,5,3,0.07290375711085263,0.4,4
1156,17,15,5,5,4,0.25266489530224967,0.5,4
1157,17,15,5,5,8,0.7561896552517632,1.0,4
1158,17,15,6,5,2,0.10274447313074708,0.1,4
1159,17,15,6,5,3,0.07918309047197519,0.2,4
1160,17,15,6,5,3,0.07918309047197516,0.3,4
1161,17,15,6,5,3,0.07918309047197519,0.4,4
1162,17,15,6,5,3,0.07918309047197539,0.5,4
1163,17,15,6,5,7,0.6535135342546672,1.0,4
1164,17,15,7,5,2,0.017441405420997813,0.1,4
1165,17,15,7,5,3,0.07918309047197519,0.2,4
1166,17,15,7,5,3,0.07918309047197519,0.3,4
1167,17,15,7,5,3,0.13042420559230822,0.4,4
1168,17,15,7,5,4,0.3152412415196549,0.5,4
1169,17,15,7,5,8,0.6911053438205832,1.0,4
1170,17,15,8,6,2,0.10976941281584396,0.1,4
1171,17,15,8,6,3,0.07918309047197519,0.2,4
1172,17,15,8,6,3,0.0994391420606077,0.3,4
1173,17,15,8,6,3,0.1600247109643574,0.4,4
1174,17,15,8,6,4,0.2597429397614936,0.5,4
1175,17,15,8,6,9,0.8091947089452639,1.0,4
1176,17,15,9,6,2,0.03439817405344736,0.1,4
1177,17,15,9,6,3,0.07918309047197547,0.2,4
1178,17,15,9,6,3,0.07290375711085266,0.3,4
1179,17,15,9,6,3,0.11723528433266193,0.4,4
1180,17,15,9,6,4,0.2526648953022499,0.5,4
1181,17,15,9,6,8,0.7561896552517626,1.0,4
1182,17,15,10,6,2,0.10274447313074708,0.1,4
1183,17,15,10,6,2,0.10274447313074708,0.2,4
1184,17,15,10,6,3,0.0994391420606077,0.3,4
1185,17,15,10,6,3,0.17401441045694255,0.4,4
1186,17,15,10,6,4,0.3152412415196551,0.5,4
1187,17,15,10,6,9,0.8091947089452637,1.0,4
1188,18,15,0,5,2,0.032449431670398265,0.1,4
1189,18,15,0,5,2,0.032449431670398265,0.2,4
1190,18,15,0,5,4,0.1703307561221904,0.3,4
1191,18,15,0,5,4,0.17033075612219042,0.4,4
1192,18,15,0,5,4,0.24258497551536645,0.5,4
1193,18,15,0,5,6,0.62431824671825,1.0,4
1194,18,15,1,5,2,0.10782067043279486,0.1,4
1195,18,15,1,5,3,0.10603839780258324,0.2,4
1196,18,15,1,5,3,0.08079966843216856,0.3,4
1197,18,15,1,5,3,0.15190174490380992,0.4,4
1198,18,15,1,5,4,0.2805502301096826,0.5,4
1199,18,15,1,5,5,0.5779979189014703,1.0,4
1200,18,15,2,6,3,0.03339333756175366,0.1,4
1201,18,15,2,6,3,0.10603839780258324,0.2,4
1202,18,15,2,6,3,0.1060383978025832,0.3,4
1203,18,15,2,6,4,0.18413121666566437,0.4,4
1204,18,15,2,6,4,0.18413121666566437,0.5,4
1205,18,15,2,6,6,0.5884345722391233,1.0,4
1206,18,15,3,5,2,0.03947437135549514,0.1,4
1207,18,15,3,5,3,0.07918309047197516,0.2,4
1208,18,15,3,5,3,0.1564819706374869,0.3,4
1209,18,15,3,5,3,0.1564819706374869,0.4,4
1210,18,15,3,5,3,0.1564819706374869,0.5,4
1211,18,15,3,5,6,0.614086322021273,1.0,4
1212,18,15,4,5,2,0.050164307912850536,0.1,4
1213,18,15,4,5,2,0.050164307912850536,0.2,4
1214,18,15,4,5,2,0.050164307912850536,0.3,4
1215,18,15,4,5,2,0.050164307912850536,0.4,4
1216,18,15,4,5,3,0.22490551185801508,0.5,4
1217,18,15,4,5,6,0.773183257565281,1.0,4
1218,18,15,5,5,2,0.10782067043279486,0.1,4
1219,18,15,5,5,3,0.10603839780258324,0.2,4
1220,18,15,5,5,3,0.08079966843216856,0.3,4
1221,18,15,5,5,4,0.18413121666566443,0.4,4
1222,18,15,5,5,4,0.2526648953022493,0.5,4
1223,18,15,5,5,6,0.6360925095687762,1.0,4
1224,18,15,6,5,2,0.03947437135549514,0.1,4
1225,18,15,6,5,3,0.07918309047197516,0.2,4
1226,18,15,6,5,3,0.07918309047197537,0.3,4
1227,18,15,6,5,3,0.07918309047197537,0.4,4
1228,18,15,6,5,4,0.18341552561779248,0.5,4
1229,18,15,6,5,6,0.720905175030534,1.0,4
1230,18,15,7,5,2,0.050164307912850536,0.1,4
1231,18,15,7,5,3,0.1060383978025832,0.2,4
1232,18,15,7,5,3,0.10603839780258324,0.3,4
1233,18,15,7,5,4,0.18413121666566437,0.4,4
1234,18,15,7,5,4,0.18413121666566443,0.5,4
1235,18,15,7,5,5,0.4975183194067745,1.0,4
1236,18,15,8,6,2,0.032449431670398265,0.1,4
1237,18,15,8,6,3,0.07918309047197507,0.2,4
1238,18,15,8,6,3,0.16002471096435691,0.3,4
1239,18,15,8,6,3,0.16002471096435752,0.4,4
1240,18,15,8,6,4,0.24258497551536654,0.5,4
1241,18,15,8,6,6,0.7209051750305336,1.0,4
1242,18,15,9,6,2,0.10782067043279486,0.1,4
1243,18,15,9,6,3,0.10603839780258324,0.2,4
1244,18,15,9,6,4,0.17033075612219023,0.3,4
1245,18,15,9,6,4,0.18413121666566437,0.4,4
1246,18,15,9,6,4,0.25266489530224934,0.5,4
1247,18,15,9,6,6,0.636092509568776,1.0,4
1248,18,15,10,6,2,0.03947437135549514,0.1,4
1249,18,15,10,6,2,0.03947437135549514,0.2,4
1250,18,15,10,6,4,0.1703307561221895,0.3,4
1251,18,15,10,6,4,0.17033075612219092,0.4,4
1252,18,15,10,6,4,0.17033075612219092,0.5,4
1253,18,15,10,6,7,0.7192324645113135,1.0,4
1254,19,15,0,5,2,0.06228327668805833,0.1,4
1255,19,15,0,5,2,0.06228327668805833,0.2,4
1256,19,15,0,5,4,0.17033075612219056,0.3,4
1257,19,15,0,5,4,0.170330756122192,0.4,4
1258,19,15,0,5,4,0.24258497551536648,0.5,4
1259,19,15,0,5,6,0.6243182467182492,1.0,4
1260,19,15,1,5,2,0.013087962074338155,0.1,4
1261,19,15,1,5,3,0.10603839780258345,0.2,4
1262,19,15,1,5,3,0.08079966843216856,0.3,4
1263,19,15,1,5,3,0.15190174490380992,0.4,4
1264,19,15,1,5,4,0.28055023010968266,0.5,4
1265,19,15,1,5,6,0.6661610116232531,1.0,4
1266,19,15,2,6,3,0.03339333756175375,0.1,4
1267,19,15,2,6,3,0.10603839780258308,0.2,4
1268,19,15,2,6,3,0.10603839780258308,0.3,4
1269,19,15,2,6,4,0.18413121666566445,0.4,4
1270,19,15,2,6,4,0.18413121666566437,0.5,4
1271,19,15,2,6,7,0.7440912448824171,1.0,4
1272,19,15,3,5,2,0.055258337002961455,0.1,4
1273,19,15,3,5,3,0.07918309047197507,0.2,4
1274,19,15,3,5,3,0.1564819706374871,0.3,4
1275,19,15,3,5,3,0.15648197063748695,0.4,4
1276,19,15,3,5,3,0.1564819706374871,0.5,4
1277,19,15,3,5,6,0.7020413146386426,1.0,4
1278,19,15,4,5,2,0.055019654589847145,0.1,4
1279,19,15,4,5,3,0.1255987903834147,0.2,4
1280,19,15,4,5,3,0.12559879038341482,0.3,4
1281,19,15,4,5,3,0.12559879038341465,0.4,4
1282,19,15,4,5,3,0.2249055118580156,0.5,4
1283,19,15,4,5,6,0.722439482373583,1.0,4
1284,19,15,5,5,2,0.013087962074338155,0.1,4
1285,19,15,5,5,3,0.1060383978025833,0.2,4
1286,19,15,5,5,3,0.0807996684321684,0.3,4
1287,19,15,5,5,4,0.1841312166656645,0.4,4
1288,19,15,5,5,4,0.18413121666566465,0.5,4
1289,19,15,5,5,6,0.722439482373583,1.0,4
1290,19,15,6,5,2,0.055258337002961455,0.1,4
1291,19,15,6,5,3,0.07918309047197507,0.2,4
1292,19,15,6,5,3,0.07918309047197507,0.3,4
1293,19,15,6,5,3,0.07918309047197507,0.4,4
1294,19,15,6,5,4,0.18341552561779223,0.5,4
1295,19,15,6,5,6,0.7209051750305336,1.0,4
1296,19,15,7,5,2,0.10484712326062329,0.1,4
1297,19,15,7,5,3,0.1060383978025833,0.2,4
1298,19,15,7,5,3,0.10603839780258308,0.3,4
1299,19,15,7,5,4,0.18413121666566437,0.4,4
1300,19,15,7,5,4,0.18413121666566437,0.5,4
1301,19,15,7,5,6,0.7965000625060218,1.0,4
1302,19,15,8,6,2,0.06228327668805833,0.1,4
1303,19,15,8,6,3,0.07918309047197507,0.2,4
1304,19,15,8,6,3,0.13671456721644698,0.3,4
1305,19,15,8,6,3,0.13671456721644698,0.4,4
1306,19,15,8,6,4,0.24258497551536637,0.5,4
1307,19,15,8,6,6,0.6563234700249717,1.0,4
1308,19,15,9,6,2,0.013087962074338155,0.1,4
1309,19,15,9,6,3,0.1060383978025832,0.2,4
1310,19,15,9,6,4,0.17033075612219017,0.3,4
1311,19,15,9,6,4,0.18413121666566448,0.4,4
1312,19,15,9,6,4,0.28055023010968266,0.5,4
1313,19,15,9,6,6,0.7224394823735828,1.0,4
1314,19,15,10,6,2,0.055258337002961455,0.1,4
1315,19,15,10,6,3,0.12559879038341465,0.2,4
1316,19,15,10,6,4,0.17033075612219054,0.3,4
1317,19,15,10,6,4,0.17033075612219153,0.4,4
1318,19,15,10,6,4,0.17033075612219176,0.5,4
1319,19,15,10,6,6,0.8604266524757817,1.0,4
1320,20,15,0,5,2,0.022233383677374485,0.1,4
1321,20,15,0,5,3,0.09943914206060767,0.2,4
1322,20,15,0,5,4,0.17033075612218931,0.3,4
1323,20,15,0,5,4,0.1703307561221913,0.4,4
1324,20,15,0,5,4,0.2425849755153666,0.5,4
1325,20,15,0,5,7,0.7149956031228651,1.0,4
1326,20,15,1,5,2,0.053137855085022,0.1,4
1327,20,15,1,5,3,0.1060383978025832,0.2,4
1328,20,15,1,5,3,0.0807996684321684,0.3,4
1329,20,15,1,5,3,0.15190174490380992,0.4,4
1330,20,15,1,5,4,0.28055023010968283,0.5,4
1331,20,15,1,5,6,0.6618909061414205,1.0,4
1332,20,15,2,6,3,0.033393337561753784,0.1,4
1333,20,15,2,6,3,0.1060383978025832,0.2,4
1334,20,15,2,6,3,0.10603839780258308,0.3,4
1335,20,15,2,6,4,0.18413121666566457,0.4,4
1336,20,15,2,6,4,0.18413121666566487,0.5,4
1337,20,15,2,6,7,0.7915989903758175,1.0,4
1338,20,15,3,5,2,0.01520844399227761,0.1,4
1339,20,15,3,5,3,0.07918309047197507,0.2,4
1340,20,15,3,5,3,0.1564819706374871,0.3,4
1341,20,15,3,5,3,0.1564819706374871,0.4,4
1342,20,15,3,5,3,0.15648197063748714,0.5,4
1343,20,15,3,5,7,0.6494558525048786,1.0,4
1344,20,15,4,5,2,0.055019654589847145,0.1,4
1345,20,15,4,5,2,0.055019654589847145,0.2,4
1346,20,15,4,5,2,0.055019654589847145,0.3,4
1347,20,15,4,5,2,0.055019654589847145,0.4,4
1348,20,15,4,5,3,0.22490551185801558,0.5,4
1349,20,15,4,5,6,0.7267388962323975,1.0,4
1350,20,15,5,5,2,0.053137855085022,0.1,4
1351,20,15,5,5,3,0.10603839780258324,0.2,4
1352,20,15,5,5,3,0.0807996684321684,0.3,4
1353,20,15,5,5,4,0.18413121666566437,0.4,4
1354,20,15,5,5,4,0.2526648953022496,0.5,4
1355,20,15,5,5,7,0.6882021028804706,1.0,4
1356,20,15,6,5,2,0.01520844399227761,0.1,4
1357,20,15,6,5,3,0.07918309047197507,0.2,4
1358,20,15,6,5,3,0.07918309047197507,0.3,4
1359,20,15,6,5,3,0.07918309047197507,0.4,4
1360,20,15,6,5,4,0.18341552561779217,0.5,4
1361,20,15,6,5,8,0.7912289310765329,1.0,4
1362,20,15,7,5,2,0.10484712326062329,0.1,4
1363,20,15,7,5,3,0.10603839780258324,0.2,4
1364,20,15,7,5,3,0.10603839780258308,0.3,4
1365,20,15,7,5,4,0.18413121666566445,0.4,4
1366,20,15,7,5,4,0.18413121666566437,0.5,4
1367,20,15,7,5,6,0.6374667735766005,1.0,4
1368,20,15,8,6,2,0.022233383677374485,0.1,4
1369,20,15,8,6,3,0.0994391420606077,0.2,4
1370,20,15,8,6,3,0.16002471096435728,0.3,4
1371,20,15,8,6,3,0.16002471096435691,0.4,4
1372,20,15,8,6,4,0.24258497551536654,0.5,4
1373,20,15,8,6,8,0.7912289310765335,1.0,4
1374,20,15,9,6,2,0.053137855085022,0.1,4
1375,20,15,9,6,3,0.10603839780258308,0.2,4
1376,20,15,9,6,4,0.1703307561221904,0.3,4
1377,20,15,9,6,4,0.18413121666566457,0.4,4
1378,20,15,9,6,4,0.2526648953022495,0.5,4
1379,20,15,9,6,7,0.7092571175612741,1.0,4
1380,20,15,10,6,2,0.01520844399227761,0.1,4
1381,20,15,10,6,3,0.09943914206060762,0.2,4
1382,20,15,10,6,4,0.17033075612218979,0.3,4
1383,20,15,10,6,4,0.17033075612219162,0.4,4
1384,20,15,10,6,4,0.17033075612219076,0.5,4
1385,20,15,10,6,8,0.7308401155862502,1.0,4
1386,21,16,0,5,2,0.06517233416225099,0.1,4
1387,21,16,0,5,3,0.09943914206060767,0.2,4
1388,21,16,0,5,4,0.1703307561221908,0.3,4
1389,21,16,0,5,4,0.17033075612219142,0.4,4
1390,21,16,0,5,4,0.24258497551536654,0.5,4
1391,21,16,0,5,7,0.7149956031228648,1.0,4
1392,21,16,1,5,2,0.03439817405344736,0.1,4
1393,21,16,1,5,3,0.10603839780258324,0.2,4
1394,21,16,1,5,3,0.07290375711085256,0.3,4
1395,21,16,1,5,3,0.15190174490380992,0.4,4
1396,21,16,1,5,4,0.28055023010968255,0.5,4
1397,21,16,1,5,7,0.6170477972844277,1.0,4
1398,21,16,2,6,3,0.03339333756175383,0.1,4
1399,21,16,2,6,3,0.12559879038341482,0.2,4
1400,21,16,2,6,3,0.1255987903834147,0.3,4
1401,21,16,2,6,4,0.18413121666566443,0.4,4
1402,21,16,2,6,4,0.18413121666566445,0.5,4
1403,21,16,2,6,8,0.805779598030534,1.0,4
1404,21,16,3,5,2,0.07219727384734786,0.1,4
1405,21,16,3,5,3,0.07918309047197519,0.2,4
1406,21,16,3,5,3,0.1740144104569424,0.3,4
1407,21,16,3,5,3,0.1740144104569424,0.4,4
1408,21,16,3,5,3,0.1740144104569424,0.5,4
1409,21,16,3,5,7,0.6494558525048788,1.0,4
1410,21,16,4,5,2,0.055019654589847145,0.1,4
1411,21,16,4,5,3,0.12559879038341465,0.2,4
1412,21,16,4,5,3,0.12559879038341468,0.3,4
1413,21,16,4,5,3,0.12559879038341473,0.4,4
1414,21,16,4,5,3,0.2249055118580151,0.5,4
1415,21,16,4,5,7,0.7116910171749727,1.0,4
1416,21,16,5,5,2,0.03439817405344736,0.1,4
1417,21,16,5,5,3,0.12559879038341468,0.2,4
1418,21,16,5,5,3,0.07290375711085256,0.3,4
1419,21,16,5,5,4,0.18413121666566434,0.4,4
1420,21,16,5,5,4,0.2526648953022493,0.5,4
1421,21,16,5,5,7,0.6882021028804696,1.0,4
1422,21,16,6,5,2,0.07219727384734786,0.1,4
1423,21,16,6,5,3,0.07918309047197507,0.2,4
1424,21,16,6,5,3,0.0791830904719754,0.3,4
1425,21,16,6,5,3,0.07918309047197516,0.4,4
1426,21,16,6,5,4,0.1834155256177922,0.5,4
1427,21,16,6,5,9,0.8514711990206301,1.0,4
1428,21,16,7,5,2,0.017441405420997813,0.1,4
1429,21,16,7,5,3,0.1060383978025832,0.2,4
1430,21,16,7,5,3,0.1060383978025832,0.3,4
1431,21,16,7,5,4,0.20759239901833368,0.4,4
1432,21,16,7,5,4,0.2075923990183342,0.5,4
1433,21,16,7,5,7,0.7740674168678441,1.0,4
1434,21,16,8,6,2,0.06517233416225099,0.1,4
1435,21,16,8,6,3,0.09943914206060764,0.2,4
1436,21,16,8,6,3,0.16002471096435744,0.3,4
1437,21,16,8,6,3,0.1600247109643568,0.4,4
1438,21,16,8,6,4,0.24258497551536662,0.5,4
1439,21,16,8,6,9,0.8514711990206305,1.0,4
1440,21,16,9,6,2,0.03439817405344736,0.1,4
1441,21,16,9,6,3,0.12559879038341482,0.2,4
1442,21,16,9,6,4,0.17033075612218979,0.3,4
1443,21,16,9,6,4,0.20759239901833357,0.4,4
1444,21,16,9,6,4,0.2526648953022493,0.5,4
1445,21,16,9,6,7,0.7092571175612743,1.0,4
1446,21,16,10,6,2,0.07219727384734786,0.1,4
1447,21,16,10,6,3,0.09943914206060768,0.2,4
1448,21,16,10,6,4,0.17033075612219037,0.3,4
1449,21,16,10,6,4,0.17033075612219184,0.4,4
1450,21,16,10,6,4,0.17033075612219128,0.5,4
1451,21,16,10,6,8,0.7308401155862505,1.0,4
1452,22,16,0,5,2,0.12314616795856992,0.1,4
1453,22,16,0,5,2,0.12314616795856992,0.2,4
1454,22,16,0,5,3,0.0994391420606077,0.3,4
1455,22,16,0,5,3,0.09943914206060767,0.4,4
1456,22,16,0,5,4,0.24258497551536634,0.5,4
1457,22,16,0,5,7,0.7143984417433038,1.0,4
1458,22,16,1,5,2,0.04777492919617343,0.1,4
1459,22,16,1,5,3,0.10603839780258345,0.2,4
1460,22,16,1,5,3,0.08079966843216839,0.3,4
1461,22,16,1,5,3,0.08079966843216843,0.4,4
1462,22,16,1,5,3,0.12081147570849217,0.5,4
1463,22,16,1,5,7,0.8398640257098914,1.0,4
1464,22,16,2,6,3,0.03339333756175383,0.1,4
1465,22,16,2,6,3,0.1060383978025832,0.2,4
1466,22,16,2,6,3,0.10603839780258345,0.3,4
1467,22,16,2,6,4,0.18413121666566437,0.4,4
1468,22,16,2,6,4,0.18413121666566437,0.5,4
1469,22,16,2,6,9,0.809194708945264,1.0,4
1470,22,16,3,5,2,0.11612122827347304,0.1,4
1471,22,16,3,5,3,0.0791830904719758,0.2,4
1472,22,16,3,5,3,0.0791830904719758,0.3,4
1473,22,16,3,5,3,0.25401741648205406,0.4,4
1474,22,16,3,5,3,0.1696357272944854,0.5,4
1475,22,16,3,5,7,0.6329830796482558,1.0,4
1476,22,16,4,5,2,0.017441405420997813,0.1,4
1477,22,16,4,5,2,0.14861920498520287,0.2,4
1478,22,16,4,5,2,0.14861920498520287,0.3,4
1479,22,16,4,5,2,0.14861920498520287,0.4,4
1480,22,16,4,5,3,0.2249055118580156,0.5,4
1481,22,16,4,5,7,0.7116910171749724,1.0,4
1482,22,16,5,5,2,0.04777492919617343,0.1,4
1483,22,16,5,5,3,0.1060383978025832,0.2,4
1484,22,16,5,5,3,0.07290375711085266,0.3,4
1485,22,16,5,5,4,0.18413121666566443,0.4,4
1486,22,16,5,5,4,0.2526648953022497,0.5,4
1487,22,16,5,5,8,0.7561896552517633,1.0,4
1488,22,16,6,5,2,0.11612122827347304,0.1,4
1489,22,16,6,5,3,0.07918309047197507,0.2,4
1490,22,16,6,5,3,0.07918309047197516,0.3,4
1491,22,16,6,5,3,0.22718059491084258,0.4,4
1492,22,16,6,5,4,0.18341552561779229,0.5,4
1493,22,16,6,5,7,0.6535135342546675,1.0,4
1494,22,16,7,5,2,0.017441405420997813,0.1,4
1495,22,16,7,5,3,0.10603839780258345,0.2,4
1496,22,16,7,5,3,0.1060383978025832,0.3,4
1497,22,16,7,5,4,0.18413121666566437,0.4,4
1498,22,16,7,5,4,0.18413121666566443,0.5,4
1499,22,16,7,5,8,0.6911053438205839,1.0,4
1500,22,16,8,6,2,0.12314616795856992,0.1,4
1501,22,16,8,6,3,0.07918309047197537,0.2,4
1502,22,16,8,6,3,0.13671456721644704,0.3,4
1503,22,16,8,6,3,0.13671456721644698,0.4,4
1504,22,16,8,6,4,0.25974293976149293,0.5,4
1505,22,16,8,6,9,0.8091947089452634,1.0,4
1506,22,16,9,6,2,0.04777492919617343,0.1,4
1507,22,16,9,6,3,0.10603839780258324,0.2,4
1508,22,16,9,6,3,0.08079966843216843,0.3,4
1509,22,16,9,6,4,0.18413121666566437,0.4,4
1510,22,16,9,6,4,0.2526648953022493,0.5,4
1511,22,16,9,6,8,0.7561896552517626,1.0,4
1512,22,16,10,6,2,0.11612122827347304,0.1,4
1513,22,16,10,6,2,0.11612122827347304,0.2,4
1514,22,16,10,6,3,0.09943914206060767,0.3,4
1515,22,16,10,6,3,0.25401741648205406,0.4,4
1516,22,16,10,6,4,0.3152412415196548,0.5,4
1517,22,16,10,6,9,0.8091947089452636,1.0,4
1518,23,16,0,5,2,0.11784070001932567,0.1,4
1519,23,16,0,5,3,0.1564819706374872,0.2,4
1520,23,16,0,5,4,0.17033075612218992,0.3,4
1521,23,16,0,5,4,0.17033075612219192,0.4,4
1522,23,16,0,5,4,0.17033075612219145,0.5,4
1523,23,16,0,5,7,0.7143984417433046,1.0,4
1524,23,16,1,5,2,0.08479629666031546,0.1,4
1525,23,16,1,5,3,0.08079966843216883,0.2,4
1526,23,16,1,5,3,0.07290375711085266,0.3,4
1527,23,16,1,5,3,0.07290375711085256,0.4,4
1528,23,16,1,5,3,0.11506469698992457,0.5,4
1529,23,16,1,5,7,0.7112300712071941,1.0,4
1530,23,16,2,6,2,0.10484712326062329,0.1,4
1531,23,16,2,6,3,0.08079966843216908,0.2,4
1532,23,16,2,6,3,0.08079966843216876,0.3,4
1533,23,16,2,6,3,0.13042420559230822,0.4,4
1534,23,16,2,6,4,0.2526648953022497,0.5,4
1535,23,16,2,6,9,0.8091947089452638,1.0,4
1536,23,16,3,5,2,0.1108157603342288,0.1,4
1537,23,16,3,5,3,0.07918309047197519,0.2,4
1538,23,16,3,5,3,0.15648197063748714,0.3,4
1539,23,16,3,5,3,0.25401741648205406,0.4,4
1540,23,16,3,5,3,0.25401741648205406,0.5,4
1541,23,16,3,5,7,0.6329830796482556,1.0,4
1542,23,16,4,5,2,0.10484712326062329,0.1,4
1543,23,16,4,5,2,0.14861920498520287,0.2,4
1544,23,16,4,5,2,0.14861920498520287,0.3,4
1545,23,16,4,5,2,0.14861920498520287,0.4,4
1546,23,16,4,5,3,0.2249055118580151,0.5,4
1547,23,16,4,5,7,0.7116910171749731,1.0,4
1548,23,16,5,5,2,0.08479629666031546,0.1,4
1549,23,16,5,5,3,0.08079966843216883,0.2,4
1550,23,16,5,5,3,0.07290375711085256,0.3,4
1551,23,16,5,5,3,0.11723528433266237,0.4,4
1552,23,16,5,5,4,0.25266489530224917,0.5,4
1553,23,16,5,5,8,0.7561896552517623,1.0,4
1554,23,16,6,5,2,0.1108157603342288,0.1,4
1555,23,16,6,5,3,0.07918309047197519,0.2,4
1556,23,16,6,5,3,0.07918309047197507,0.3,4
1557,23,16,6,5,3,0.22718059491084278,0.4,4
1558,23,16,6,5,3,0.16991742706629348,0.5,4
1559,23,16,6,5,7,0.6535135342546667,1.0,4
1560,23,16,7,5,2,0.10484712326062329,0.1,4
1561,23,16,7,5,3,0.08079966843216883,0.2,4
1562,23,16,7,5,3,0.08079966843216875,0.3,4
1563,23,16,7,5,3,0.1304242055923083,0.4,4
1564,23,16,7,5,4,0.31524124151965494,0.5,4
1565,23,16,7,5,8,0.6911053438205834,1.0,4
1566,23,16,8,6,2,0.11784070001932567,0.1,4
1567,23,16,8,6,3,0.07918309047197539,0.2,4
1568,23,16,8,6,3,0.1367145672164472,0.3,4
1569,23,16,8,6,3,0.13671456721644704,0.4,4
1570,23,16,8,6,4,0.2597429397614925,0.5,4
1571,23,16,8,6,9,0.8091947089452636,1.0,4
1572,23,16,9,6,2,0.08479629666031546,0.1,4
1573,23,16,9,6,3,0.0807996684321689,0.2,4
1574,23,16,9,6,4,0.17033075612219023,0.3,4
1575,23,16,9,6,4,0.17033075612219184,0.4,4
1576,23,16,9,6,4,0.2526648953022493,0.5,4
1577,23,16,9,6,8,0.6911053438205836,1.0,4
1578,23,16,10,6,2,0.1108157603342288,0.1,4
1579,23,16,10,6,2,0.15314259573761513,0.2,4
1580,23,16,10,6,4,0.17033075612219034,0.3,4
1581,23,16,10,6,4,0.17033075612219178,0.4,4
1582,23,16,10,6,4,0.3152412415196549,0.5,4
1583,23,16,10,6,9,0.809194708945264,1.0,4
1584,24,5,0,5,2,0.022233383677374485,0.1,4
1585,24,5,0,5,2,0.022233383677374485,0.2,4
1586,24,5,0,5,2,0.022233383677374485,0.3,4
1587,24,5,0,5,3,0.1604270812506798,0.4,4
1588,24,5,0,5,3,0.19284510264264043,0.5,4
1589,24,5,0,5,5,0.6371937055630771,1.0,4
1590,24,5,1,5,2,0.053137855085022,0.1,4
1591,24,5,1,5,3,0.08079966843216863,0.2,4
1592,24,5,1,5,3,0.08079966843216843,0.3,4
1593,24,5,1,5,3,0.08079966843216843,0.4,4
1594,24,5,1,5,3,0.08079966843216839,0.5,4
1595,24,5,1,5,5,0.7770453150263881,1.0,4
1596,24,5,2,6,3,0.03339333756175375,0.1,4
1597,24,5,2,6,3,0.08079966843216865,0.2,4
1598,24,5,2,6,3,0.13696435803609694,0.3,4
1599,24,5,2,6,3,0.13696435803609697,0.4,4
1600,24,5,2,6,4,0.35108899331246085,0.5,4
1601,24,5,2,6,5,0.8120217533295125,1.0,4
1602,24,5,3,5,2,0.01520844399227761,0.1,4
1603,24,5,3,5,2,0.01520844399227761,0.2,4
1604,24,5,3,5,2,0.01520844399227761,0.3,4
1605,24,5,3,5,3,0.16042708125067945,0.4,4
1606,24,5,3,5,3,0.2637810482470572,0.5,4
1607,24,5,3,5,4,0.3789997290002184,1.0,4
1608,24,5,4,5,2,0.13152927727675712,0.1,4
1609,24,5,4,5,2,0.13152927727675712,0.2,4
1610,24,5,4,5,2,0.13152927727675712,0.3,4
1611,24,5,4,5,3,0.17174463384618952,0.4,4
1612,24,5,4,5,3,0.16310290712229875,0.5,4
1613,24,5,4,5,5,0.8643089928020415,1.0,4
1614,24,5,5,5,2,0.053137855085022,0.1,4
1615,24,5,5,5,3,0.0807996684321684,0.2,4
1616,24,5,5,5,3,0.08079966843216839,0.3,4
1617,24,5,5,5,3,0.0807996684321684,0.4,4
1618,24,5,5,5,3,0.08079966843216872,0.5,4
1619,24,5,5,5,5,0.8469511801616961,1.0,4
1620,24,5,6,5,2,0.01520844399227761,0.1,4
1621,24,5,6,5,2,0.01520844399227761,0.2,4
1622,24,5,6,5,3,0.16412665700533993,0.3,4
1623,24,5,6,5,3,0.16042708125067945,0.4,4
1624,24,5,6,5,3,0.1604270812506795,0.5,4
1625,24,5,6,5,5,0.7710323814690778,1.0,4
1626,24,5,7,5,2,0.10484712326062329,0.1,4
1627,24,5,7,5,3,0.08079966843216879,0.2,4
1628,24,5,7,5,3,0.1369643580360968,0.3,4
1629,24,5,7,5,3,0.13696435803609694,0.4,4
1630,24,5,7,5,3,0.22276544005596943,0.5,4
1631,24,5,7,5,5,0.7710323814690776,1.0,4
1632,24,5,8,6,2,0.022233383677374485,0.1,4
1633,24,5,8,6,2,0.022233383677374485,0.2,4
1634,24,5,8,6,3,0.16412665700534024,0.3,4
1635,24,5,8,6,3,0.16412665700534027,0.4,4
1636,24,5,8,6,3,0.19284510264264046,0.5,4
1637,24,5,8,6,5,0.6180812289902948,1.0,4
1638,24,5,9,6,2,0.053137855085022,0.1,4
1639,24,5,9,6,3,0.08079966843216863,0.2,4
1640,24,5,9,6,3,0.08079966843216843,0.3,4
1641,24,5,9,6,3,0.08079966843216863,0.4,4
1642,24,5,9,6,3,0.08079966843216843,0.5,4
1643,24,5,9,6,5,0.7314132939453516,1.0,4
1644,24,5,10,6,2,0.01520844399227761,0.1,4
1645,24,5,10,6,2,0.01520844399227761,0.2,4
1646,24,5,10,6,3,0.16412665700534027,0.3,4
1647,24,5,10,6,3,0.16042708125067942,0.4,4
1648,24,5,10,6,4,0.3510889933124607,0.5,4
1649,24,5,10,6,5,0.7314132939453515,1.0,4
1650,25,16,0,5,2,0.05367153006679837,0.1,4
1651,25,16,0,5,3,0.09943914206060762,0.2,4
1652,25,16,0,5,4,0.17033075612219037,0.3,4
1653,25,16,0,5,4,0.17033075612219112,0.4,4
1654,25,16,0,5,4,0.24258497551536665,0.5,4
1655,25,16,0,5,7,0.7149956031228653,1.0,4
1656,25,16,1,5,2,0.10272635935218238,0.1,4
1657,25,16,1,5,3,0.10603839780258308,0.2,4
1658,25,16,1,5,3,0.08079966843216844,0.3,4
1659,25,16,1,5,3,0.13050223578749798,0.4,4
1660,25,16,1,5,4,0.28055023010968255,0.5,4
1661,25,16,1,5,6,0.6618909061414207,1.0,4
1662,25,16,2,6,3,0.033393337561753667,0.1,4
1663,25,16,2,6,3,0.10603839780258308,0.2,4
1664,25,16,2,6,3,0.1060383978025832,0.3,4
1665,25,16,2,6,4,0.18413121666566434,0.4,4
1666,25,16,2,6,4,0.1841312166656645,0.5,4
1667,25,16,2,6,7,0.7092571175612741,1.0,4
1668,25,16,3,5,2,0.06069646975189524,0.1,4
1669,25,16,3,5,3,0.07918309047197519,0.2,4
1670,25,16,3,5,3,0.17401441045694255,0.3,4
1671,25,16,3,5,3,0.0841018926536917,0.4,4
1672,25,16,3,5,3,0.08410189265369172,0.5,4
1673,25,16,3,5,7,0.6494558525048785,1.0,4
1674,25,16,4,5,2,0.028942209516450434,0.1,4
1675,25,16,4,5,2,0.028942209516450434,0.2,4
1676,25,16,4,5,2,0.028942209516450434,0.3,4
1677,25,16,4,5,2,0.028942209516450434,0.4,4
1678,25,16,4,5,3,0.22490551185801508,0.5,4
1679,25,16,4,5,6,0.7731832575652804,1.0,4
1680,25,16,5,5,2,0.10272635935218238,0.1,4
1681,25,16,5,5,3,0.10603839780258308,0.2,4
1682,25,16,5,5,3,0.08079966843216843,0.3,4
1683,25,16,5,5,4,0.18413121666566443,0.4,4
1684,25,16,5,5,4,0.25266489530224934,0.5,4
1685,25,16,5,5,7,0.6882021028804695,1.0,4
1686,25,16,6,5,2,0.06069646975189524,0.1,4
1687,25,16,6,5,3,0.07918309047197516,0.2,4
1688,25,16,6,5,3,0.07918309047197516,0.3,4
1689,25,16,6,5,3,0.07918309047197519,0.4,4
1690,25,16,6,5,4,0.18341552561779223,0.5,4
1691,25,16,6,5,8,0.7912289310765329,1.0,4
1692,25,16,7,5,2,0.028942209516450434,0.1,4
1693,25,16,7,5,3,0.10603839780258308,0.2,4
1694,25,16,7,5,3,0.1060383978025832,0.3,4
1695,25,16,7,5,4,0.1841312166656645,0.4,4
1696,25,16,7,5,4,0.18413121666566437,0.5,4
1697,25,16,7,5,6,0.6374667735766004,1.0,4
1698,25,16,8,6,2,0.05367153006679837,0.1,4
1699,25,16,8,6,3,0.09943914206060762,0.2,4
1700,25,16,8,6,3,0.16002471096435691,0.3,4
1701,25,16,8,6,3,0.1600247109643568,0.4,4
1702,25,16,8,6,4,0.24258497551536667,0.5,4
1703,25,16,8,6,8,0.7912289310765332,1.0,4
1704,25,16,9,6,2,0.10272635935218238,0.1,4
1705,25,16,9,6,3,0.1060383978025832,0.2,4
1706,25,16,9,6,4,0.1703307561221901,0.3,4
1707,25,16,9,6,4,0.18413121666566437,0.4,4
1708,25,16,9,6,4,0.25266489530224895,0.5,4
1709,25,16,9,6,7,0.7092571175612741,1.0,4
1710,25,16,10,6,2,0.06069646975189524,0.1,4
1711,25,16,10,6,3,0.09943914206060767,0.2,4
1712,25,16,10,6,4,0.17033075612219034,0.3,4
1713,25,16,10,6,4,0.17033075612219178,0.4,4
1714,25,16,10,6,4,0.17033075612219178,0.5,4
1715,25,16,10,6,8,0.7308401155862502,1.0,4
1716,26,16,0,5,2,0.05367153006679848,0.1,4
1717,26,16,0,5,2,0.05367153006679848,0.2,4
1718,26,16,0,5,4,0.17033075612219115,0.3,4
1719,26,16,0,5,4,0.17033075612219206,0.4,4
1720,26,16,0,5,4,0.2425849755153664,0.5,4
1721,26,16,0,5,6,0.6243182467182498,1.0,4
1722,26,16,1,5,2,0.10272635935218238,0.1,4
1723,26,16,1,5,3,0.1060383978025832,0.2,4
1724,26,16,1,5,3,0.08079966843216844,0.3,4
1725,26,16,1,5,3,0.1305022357874981,0.4,4
1726,26,16,1,5,4,0.28055023010968266,0.5,4
1727,26,16,1,5,5,0.5779979189014703,1.0,4
1728,26,16,2,6,3,0.0333933375617537,0.1,4
1729,26,16,2,6,3,0.1060383978025832,0.2,4
1730,26,16,2,6,3,0.1060383978025832,0.3,4
1731,26,16,2,6,4,0.18413121666566445,0.4,4
1732,26,16,2,6,4,0.18413121666566445,0.5,4
1733,26,16,2,6,7,0.7969348409833067,1.0,4
1734,26,16,3,5,2,0.060696469751895354,0.1,4
1735,26,16,3,5,3,0.07918309047197539,0.2,4
1736,26,16,3,5,3,0.17401441045694235,0.3,4
1737,26,16,3,5,3,0.08410189265369172,0.4,4
1738,26,16,3,5,3,0.08410189265369172,0.5,4
1739,26,16,3,5,6,0.6140863220212726,1.0,4
1740,26,16,4,5,2,0.028942209516450323,0.1,4
1741,26,16,4,5,2,0.028942209516450323,0.2,4
1742,26,16,4,5,2,0.028942209516450323,0.3,4
1743,26,16,4,5,2,0.028942209516450323,0.4,4
1744,26,16,4,5,3,0.2249055118580151,0.5,4
1745,26,16,4,5,6,0.7731832575652796,1.0,4
1746,26,16,5,5,2,0.10272635935218238,0.1,4
1747,26,16,5,5,3,0.1060383978025833,0.2,4
1748,26,16,5,5,3,0.08079966843216844,0.3,4
1749,26,16,5,5,4,0.18413121666566443,0.4,4
1750,26,16,5,5,4,0.25266489530224967,0.5,4
1751,26,16,5,5,6,0.6360925095687759,1.0,4
1752,26,16,6,5,2,0.060696469751895354,0.1,4
1753,26,16,6,5,3,0.07918309047197516,0.2,4
1754,26,16,6,5,3,0.07918309047197539,0.3,4
1755,26,16,6,5,3,0.07918309047197516,0.4,4
1756,26,16,6,5,4,0.18341552561779237,0.5,4
1757,26,16,6,5,6,0.7209051750305336,1.0,4
1758,26,16,7,5,2,0.028942209516450323,0.1,4
1759,26,16,7,5,3,0.10603839780258308,0.2,4
1760,26,16,7,5,3,0.10603839780258308,0.3,4
1761,26,16,7,5,4,0.18413121666566457,0.4,4
1762,26,16,7,5,4,0.18413121666566432,0.5,4
1763,26,16,7,5,5,0.49751831940677455,1.0,4
1764,26,16,8,6,2,0.05367153006679848,0.1,4
1765,26,16,8,6,3,0.07918309047197516,0.2,4
1766,26,16,8,6,3,0.16002471096435691,0.3,4
1767,26,16,8,6,3,0.16002471096435744,0.4,4
1768,26,16,8,6,4,0.24258497551536665,0.5,4
1769,26,16,8,6,8,0.7192044591397279,1.0,4
1770,26,16,9,6,2,0.10272635935218238,0.1,4
1771,26,16,9,6,3,0.10603839780258308,0.2,4
1772,26,16,9,6,4,0.17033075612218948,0.3,4
1773,26,16,9,6,4,0.18413121666566443,0.4,4
1774,26,16,9,6,4,0.2526648953022494,0.5,4
1775,26,16,9,6,6,0.6360925095687759,1.0,4
1776,26,16,10,6,2,0.060696469751895354,0.1,4
1777,26,16,10,6,2,0.060696469751895354,0.2,4
1778,26,16,10,6,4,0.17033075612219045,0.3,4
1779,26,16,10,6,4,0.17033075612219156,0.4,4
1780,26,16,10,6,4,0.17033075612219176,0.5,4
1781,26,16,10,6,7,0.7192324645113123,1.0,4
1782,27,17,0,5,2,0.06517233416225099,0.1,4
1783,27,17,0,5,3,0.0994391420606077,0.2,4
1784,27,17,0,5,4,0.17033075612219217,0.3,4
1785,27,17,0,5,4,0.17033075612219195,0.4,4
1786,27,17,0,5,4,0.2425849755153672,0.5,4
1787,27,17,0,5,7,0.7889494449976595,1.0,4
1788,27,17,1,5,2,0.03439817405344736,0.1,4
1789,27,17,1,5,3,0.10603839780258308,0.2,4
1790,27,17,1,5,3,0.07290375711085267,0.3,4
1791,27,17,1,5,4,0.28055023010968283,0.4,4
1792,27,17,1,5,4,0.28055023010968266,0.5,4
1793,27,17,1,5,7,0.7311585704021402,1.0,4
1794,27,17,2,6,3,0.03339333756175383,0.1,4
1795,27,17,2,6,3,0.1060383978025832,0.2,4
1796,27,17,2,6,3,0.1466641103688616,0.3,4
1797,27,17,2,6,4,0.18413121666566465,0.4,4
1798,27,17,2,6,4,0.18413121666566487,0.5,4
1799,27,17,2,6,7,0.7451262047016435,1.0,4
1800,27,17,3,5,2,0.07219727384734786,0.1,4
1801,27,17,3,5,3,0.07918309047197516,0.2,4
1802,27,17,3,5,3,0.17401441045694255,0.3,4
1803,27,17,3,5,3,0.17401441045694255,0.4,4
1804,27,17,3,5,3,0.17401441045694255,0.5,4
1805,27,17,3,5,8,0.8462719590911535,1.0,4
1806,27,17,4,5,2,0.017441405420997813,0.1,4
1807,27,17,4,5,2,0.017441405420997813,0.2,4
1808,27,17,4,5,2,0.017441405420997813,0.3,4
1809,27,17,4,5,2,0.017441405420997813,0.4,4
1810,27,17,4,5,3,0.2249055118580156,0.5,4
1811,27,17,4,5,7,0.7468577407479106,1.0,4
1812,27,17,5,5,2,0.03439817405344736,0.1,4
1813,27,17,5,5,3,0.1060383978025833,0.2,4
1814,27,17,5,5,3,0.07290375711085267,0.3,4
1815,27,17,5,5,4,0.18413121666566443,0.4,4
1816,27,17,5,5,4,0.2526648953022499,0.5,4
1817,27,17,5,5,7,0.7451262047016439,1.0,4
1818,27,17,6,5,2,0.07219727384734786,0.1,4
1819,27,17,6,5,3,0.07918309047197519,0.2,4
1820,27,17,6,5,3,0.07918309047197507,0.3,4
1821,27,17,6,5,4,0.18341552561779229,0.4,4
1822,27,17,6,5,4,0.18341552561779237,0.5,4
1823,27,17,6,5,7,0.8098464418168819,1.0,4
1824,27,17,7,5,2,0.017441405420997813,0.1,4
1825,27,17,7,5,3,0.1060383978025832,0.2,4
1826,27,17,7,5,3,0.1466641103688616,0.3,4
1827,27,17,7,5,4,0.18413121666566468,0.4,4
1828,27,17,7,5,4,0.18413121666566412,0.5,4
1829,27,17,7,5,8,0.8559141808600934,1.0,4
1830,27,17,8,6,2,0.06517233416225099,0.1,4
1831,27,17,8,6,3,0.0994391420606077,0.2,4
1832,27,17,8,6,3,0.1600247109643574,0.3,4
1833,27,17,8,6,4,0.18341552561779226,0.4,4
1834,27,17,8,6,4,0.2425849755153659,0.5,4
1835,27,17,8,6,8,0.6261079914963088,1.0,4
1836,27,17,9,6,2,0.03439817405344736,0.1,4
1837,27,17,9,6,3,0.10603839780258324,0.2,4
1838,27,17,9,6,4,0.17033075612219187,0.3,4
1839,27,17,9,6,4,0.2805502301096828,0.4,4
1840,27,17,9,6,4,0.2526648953022499,0.5,4
1841,27,17,9,6,8,0.7157319887541768,1.0,4
1842,27,17,10,6,2,0.07219727384734786,0.1,4
1843,27,17,10,6,3,0.0994391420606077,0.2,4
1844,27,17,10,6,4,0.17033075612219153,0.3,4
1845,27,17,10,6,4,0.17033075612219245,0.4,4
1846,27,17,10,6,4,0.17033075612219192,0.5,4
1847,27,17,10,6,7,0.7468577407479107,1.0,4
1848,28,17,0,5,2,0.12314616795856992,0.1,4
1849,28,17,0,5,2,0.12314616795856992,0.2,4
1850,28,17,0,5,4,0.1703307561221905,0.3,4
1851,28,17,0,5,4,0.17033075612219242,0.4,4
1852,28,17,0,5,4,0.17033075612219195,0.5,4
1853,28,17,0,5,7,0.714398441743304,1.0,4
1854,28,17,1,5,2,0.04777492919617343,0.1,4
1855,28,17,1,5,3,0.13863736188060896,0.2,4
1856,28,17,1,5,3,0.07290375711085267,0.3,4
1857,28,17,1,5,3,0.07290375711085256,0.4,4
1858,28,17,1,5,4,0.2805502301096825,0.5,4
1859,28,17,1,5,7,0.8398640257098913,1.0,4
1860,28,17,2,6,3,0.033393337561753784,0.1,4
1861,28,17,2,6,3,0.033393337561753784,0.2,4
1862,28,17,2,6,3,0.03339333756175369,0.3,4
1863,28,17,2,6,3,0.1304242055923083,0.4,4
1864,28,17,2,6,4,0.25266489530224945,0.5,4
1865,28,17,2,6,9,0.8091947089452634,1.0,4
1866,28,17,3,5,2,0.11612122827347304,0.1,4
1867,28,17,3,5,3,0.07918309047197505,0.2,4
1868,28,17,3,5,3,0.15648197063748714,0.3,4
1869,28,17,3,5,3,0.25401741648205406,0.4,4
1870,28,17,3,5,3,0.1696357272944853,0.5,4
1871,28,17,3,5,7,0.6329830796482558,1.0,4
1872,28,17,4,5,2,0.055019654589847145,0.1,4
1873,28,17,4,5,2,0.055019654589847145,0.2,4
1874,28,17,4,5,2,0.055019654589847145,0.3,4
1875,28,17,4,5,2,0.055019654589847145,0.4,4
1876,28,17,4,5,3,0.2249055118580156,0.5,4
1877,28,17,4,5,7,0.7116910171749731,1.0,4
1878,28,17,5,5,2,0.04777492919617343,0.1,4
1879,28,17,5,5,2,0.04777492919617343,0.2,4
1880,28,17,5,5,3,0.07290375711085256,0.3,4
1881,28,17,5,5,3,0.07290375711085256,0.4,4
1882,28,17,5,5,4,0.2526648953022495,0.5,4
1883,28,17,5,5,8,0.7561896552517632,1.0,4
1884,28,17,6,5,2,0.11612122827347304,0.1,4
1885,28,17,6,5,3,0.07918309047197505,0.2,4
1886,28,17,6,5,3,0.07918309047197505,0.3,4
1887,28,17,6,5,3,0.22718059491084278,0.4,4
1888,28,17,6,5,4,0.18341552561779223,0.5,4
1889,28,17,6,5,7,0.6535135342546672,1.0,4
1890,28,17,7,5,2,0.017441405420997813,0.1,4
1891,28,17,7,5,3,0.07918309047197505,0.2,4
1892,28,17,7,5,3,0.07918309047197505,0.3,4
1893,28,17,7,5,3,0.1304242055923083,0.4,4
1894,28,17,7,5,4,0.31524124151965505,0.5,4
1895,28,17,7,5,8,0.6911053438205836,1.0,4
1896,28,17,8,6,2,0.12314616795856992,0.1,4
1897,28,17,8,6,3,0.07918309047197505,0.2,4
1898,28,17,8,6,3,0.13671456721644698,0.3,4
1899,28,17,8,6,3,0.13671456721644695,0.4,4
1900,28,17,8,6,4,0.2597429397614938,0.5,4
1901,28,17,8,6,9,0.8091947089452631,1.0,4
1902,28,17,9,6,2,0.04777492919617343,0.1,4
1903,28,17,9,6,3,0.07918309047197505,0.2,4
1904,28,17,9,6,4,0.17033075612219023,0.3,4
1905,28,17,9,6,4,0.17033075612219237,0.4,4
1906,28,17,9,6,4,0.2526648953022497,0.5,4
1907,28,17,9,6,8,0.7561896552517627,1.0,4
1908,28,17,10,6,2,0.11612122827347304,0.1,4
1909,28,17,10,6,2,0.11612122827347304,0.2,4
1910,28,17,10,6,4,0.17033075612218995,0.3,4
1911,28,17,10,6,4,0.17033075612219156,0.4,4
1912,28,17,10,6,4,0.31524124151965494,0.5,4
1913,28,17,10,6,9,0.8091947089452634,1.0,4
1914,29,17,0,5,2,0.06600546540195407,0.1,4
1915,29,17,0,5,2,0.06600546540195407,0.2,4
1916,29,17,0,5,3,0.0994391420606077,0.3,4
1917,29,17,0,5,3,0.0994391420606077,0.4,4
1918,29,17,0,5,4,0.24258497551536645,0.5,4
1919,29,17,0,5,7,0.7149956031228655,1.0,4
1920,29,17,1,5,2,0.009365773360442475,0.1,4
1921,29,17,1,5,3,0.10603839780258308,0.2,4
1922,29,17,1,5,3,0.08079966843216863,0.3,4
1923,29,17,1,5,3,0.08079966843216843,0.4,4
1924,29,17,1,5,3,0.12081147570849254,0.5,4
1925,29,17,1,5,7,0.7112300712071938,1.0,4
1926,29,17,2,6,3,0.03339333756175366,0.1,4
1927,29,17,2,6,3,0.1060383978025832,0.2,4
1928,29,17,2,6,3,0.1060383978025833,0.3,4
1929,29,17,2,6,4,0.18413121666566462,0.4,4
1930,29,17,2,6,4,0.18413121666566443,0.5,4
1931,29,17,2,6,9,0.8091947089452631,1.0,4
1932,29,17,3,5,2,0.05898052571685719,0.1,4
1933,29,17,3,5,3,0.07918309047197547,0.2,4
1934,29,17,3,5,3,0.07918309047197547,0.3,4
1935,29,17,3,5,3,0.25401741648205406,0.4,4
1936,29,17,3,5,3,0.1696357272944853,0.5,4
1937,29,17,3,5,7,0.6329830796482557,1.0,4
1938,29,17,4,5,2,0.055019654589847145,0.1,4
1939,29,17,4,5,2,0.055019654589847145,0.2,4
1940,29,17,4,5,2,0.055019654589847145,0.3,4
1941,29,17,4,5,2,0.055019654589847145,0.4,4
1942,29,17,4,5,3,0.22490551185801558,0.5,4
1943,29,17,4,5,7,0.7116910171749726,1.0,4
1944,29,17,5,5,2,0.009365773360442475,0.1,4
1945,29,17,5,5,3,0.1060383978025833,0.2,4
1946,29,17,5,5,3,0.07290375711085266,0.3,4
1947,29,17,5,5,4,0.18413121666566445,0.4,4
1948,29,17,5,5,4,0.2526648953022499,0.5,4
1949,29,17,5,5,8,0.7561896552517624,1.0,4
1950,29,17,6,5,2,0.05898052571685719,0.1,4
1951,29,17,6,5,3,0.07918309047197516,0.2,4
1952,29,17,6,5,3,0.07918309047197537,0.3,4
1953,29,17,6,5,3,0.07918309047197537,0.4,4
1954,29,17,6,5,4,0.18341552561779248,0.5,4
1955,29,17,6,5,7,0.6535135342546675,1.0,4
1956,29,17,7,5,2,0.10484712326062329,0.1,4
1957,29,17,7,5,3,0.1060383978025832,0.2,4
1958,29,17,7,5,3,0.10603839780258308,0.3,4
1959,29,17,7,5,4,0.18413121666566484,0.4,4
1960,29,17,7,5,4,0.18413121666566437,0.5,4
1961,29,17,7,5,8,0.6911053438205832,1.0,4
1962,29,17,8,6,2,0.06600546540195407,0.1,4
1963,29,17,8,6,3,0.07918309047197519,0.2,4
1964,29,17,8,6,3,0.0994391420606077,0.3,4
1965,29,17,8,6,3,0.1600247109643574,0.4,4
1966,29,17,8,6,4,0.25974293976149376,0.5,4
1967,29,17,8,6,9,0.8091947089452644,1.0,4
1968,29,17,9,6,2,0.009365773360442475,0.1,4
1969,29,17,9,6,3,0.10603839780258308,0.2,4
1970,29,17,9,6,3,0.08079966843216838,0.3,4
1971,29,17,9,6,4,0.18413121666566437,0.4,4
1972,29,17,9,6,4,0.2526648953022499,0.5,4
1973,29,17,9,6,8,0.6911053438205842,1.0,4
1974,29,17,10,6,2,0.05898052571685719,0.1,4
1975,29,17,10,6,2,0.05898052571685719,0.2,4
1976,29,17,10,6,3,0.0994391420606077,0.3,4
1977,29,17,10,6,3,0.25401741648205406,0.4,4
1978,29,17,10,6,4,0.3152412415196549,0.5,4
1979,29,17,10,6,9,0.8091947089452631,1.0,4
1980,30,17,0,5,2,0.032449431670398265,0.1,4
1981,30,17,0,5,3,0.09943914206060765,0.2,4
1982,30,17,0,5,4,0.17033075612219042,0.3,4
1983,30,17,0,5,4,0.17033075612219273,0.4,4
1984,30,17,0,5,4,0.24258497551536648,0.5,4
1985,30,17,0,5,7,0.7149956031228653,1.0,4
1986,30,17,1,5,2,0.10782067043279486,0.1,4
1987,30,17,1,5,3,0.10603839780258324,0.2,4
1988,30,17,1,5,3,0.0807996684321684,0.3,4
1989,30,17,1,5,3,0.15190174490380987,0.4,4
1990,30,17,1,5,4,0.28055023010968255,0.5,4
1991,30,17,1,5,6,0.6618909061414207,1.0,4
1992,30,17,2,6,3,0.03339333756175375,0.1,4
1993,30,17,2,6,3,0.10603839780258324,0.2,4
1994,30,17,2,6,3,0.10603839780258324,0.3,4
1995,30,17,2,6,4,0.18413121666566437,0.4,4
1996,30,17,2,6,4,0.18413121666566437,0.5,4
1997,30,17,2,6,7,0.7915989903758182,1.0,4
1998,30,17,3,5,2,0.03947437135549514,0.1,4
1999,30,17,3,5,3,0.07918309047197505,0.2,4
2000,30,17,3,5,3,0.15648197063748706,0.3,4
2001,30,17,3,5,3,0.15648197063748706,0.4,4
2002,30,17,3,5,3,0.15648197063748706,0.5,4
2003,30,17,3,5,7,0.6494558525048788,1.0,4
2004,30,17,4,5,2,0.050164307912850536,0.1,4
2005,30,17,4,5,2,0.050164307912850536,0.2,4
2006,30,17,4,5,2,0.050164307912850536,0.3,4
2007,30,17,4,5,2,0.050164307912850536,0.4,4
2008,30,17,4,5,3,0.2249055118580156,0.5,4
2009,30,17,4,5,6,0.7267388962323975,1.0,4
2010,30,17,5,5,2,0.10782067043279486,0.1,4
2011,30,17,5,5,3,0.10603839780258324,0.2,4
2012,30,17,5,5,3,0.0807996684321684,0.3,4
2013,30,17,5,5,4,0.18413121666566437,0.4,4
2014,30,17,5,5,4,0.2526648953022491,0.5,4
2015,30,17,5,5,7,0.6882021028804696,1.0,4
2016,30,17,6,5,2,0.03947437135549514,0.1,4
2017,30,17,6,5,3,0.07918309047197539,0.2,4
2018,30,17,6,5,3,0.07918309047197507,0.3,4
2019,30,17,6,5,3,0.07918309047197539,0.4,4
2020,30,17,6,5,4,0.1834155256177925,0.5,4
2021,30,17,6,5,8,0.7912289310765329,1.0,4
2022,30,17,7,5,2,0.050164307912850536,0.1,4
2023,30,17,7,5,3,0.10603839780258324,0.2,4
2024,30,17,7,5,3,0.10603839780258324,0.3,4
2025,30,17,7,5,4,0.18413121666566437,0.4,4
2026,30,17,7,5,4,0.18413121666566437,0.5,4
2027,30,17,7,5,6,0.6374667735766005,1.0,4
2028,30,17,8,6,2,0.032449431670398265,0.1,4
2029,30,17,8,6,3,0.09943914206060764,0.2,4
2030,30,17,8,6,3,0.1600247109643568,0.3,4
2031,30,17,8,6,3,0.16002471096435744,0.4,4
2032,30,17,8,6,4,0.24258497551536648,0.5,4
2033,30,17,8,6,8,0.7912289310765335,1.0,4
2034,30,17,9,6,2,0.10782067043279486,0.1,4
2035,30,17,9,6,3,0.10603839780258324,0.2,4
2036,30,17,9,6,4,0.17033075612218962,0.3,4
2037,30,17,9,6,4,0.18413121666566437,0.4,4
2038,30,17,9,6,4,0.25266489530224945,0.5,4
2039,30,17,9,6,7,0.709257117561274,1.0,4
2040,30,17,10,6,2,0.03947437135549514,0.1,4
2041,30,17,10,6,3,0.09943914206060762,0.2,4
2042,30,17,10,6,4,0.17033075612218962,0.3,4
2043,30,17,10,6,4,0.17033075612219184,0.4,4
2044,30,17,10,6,4,0.1703307561221916,0.5,4
2045,30,17,10,6,8,0.7308401155862502,1.0,4
2046,31,17,0,5,2,0.06228327668805833,0.1,4
2047,31,17,0,5,3,0.09943914206060764,0.2,4
2048,31,17,0,5,4,0.17033075612219056,0.3,4
2049,31,17,0,5,4,0.17033075612219203,0.4,4
2050,31,17,0,5,4,0.24258497551536698,0.5,4
2051,31,17,0,5,7,0.7149956031228647,1.0,4
2052,31,17,1,5,2,0.013087962074338155,0.1,4
2053,31,17,1,5,3,0.10603839780258345,0.2,4
2054,31,17,1,5,3,0.08079966843216843,0.3,4
2055,31,17,1,5,3,0.15190174490380992,0.4,4
2056,31,17,1,5,4,0.28055023010968255,0.5,4
2057,31,17,1,5,8,0.7341088418892829,1.0,4
2058,31,17,2,6,3,0.03339333756175375,0.1,4
2059,31,17,2,6,3,0.1060383978025832,0.2,4
2060,31,17,2,6,3,0.10603839780258324,0.3,4
2061,31,17,2,6,4,0.18413121666566437,0.4,4
2062,31,17,2,6,4,0.18413121666566437,0.5,4
2063,31,17,2,6,9,0.842865598912216,1.0,4
2064,31,17,3,5,2,0.055258337002961455,0.1,4
2065,31,17,3,5,3,0.07918309047197516,0.2,4
2066,31,17,3,5,3,0.1564819706374871,0.3,4
2067,31,17,3,5,3,0.1564819706374871,0.4,4
2068,31,17,3,5,3,0.1564819706374871,0.5,4
2069,31,17,3,5,7,0.6494558525048781,1.0,4
2070,31,17,4,5,2,0.055019654589847145,0.1,4
2071,31,17,4,5,3,0.12559879038341473,0.2,4
2072,31,17,4,5,3,0.12559879038341465,0.3,4
2073,31,17,4,5,3,0.12559879038341482,0.4,4
2074,31,17,4,5,3,0.2249055118580151,0.5,4
2075,31,17,4,5,7,0.7116910171749731,1.0,4
2076,31,17,5,5,2,0.013087962074338155,0.1,4
2077,31,17,5,5,3,0.1060383978025832,0.2,4
2078,31,17,5,5,3,0.08079966843216843,0.3,4
2079,31,17,5,5,4,0.18413121666566437,0.4,4
2080,31,17,5,5,4,0.25266489530224956,0.5,4
2081,31,17,5,5,7,0.6882021028804695,1.0,4
2082,31,17,6,5,2,0.055258337002961455,0.1,4
2083,31,17,6,5,3,0.07918309047197516,0.2,4
2084,31,17,6,5,3,0.07918309047197516,0.3,4
2085,31,17,6,5,3,0.07918309047197516,0.4,4
2086,31,17,6,5,4,0.1834155256177923,0.5,4
2087,31,17,6,5,9,0.8514711990206297,1.0,4
2088,31,17,7,5,2,0.10484712326062329,0.1,4
2089,31,17,7,5,3,0.1060383978025832,0.2,4
2090,31,17,7,5,3,0.10603839780258345,0.3,4
2091,31,17,7,5,4,0.18413121666566437,0.4,4
2092,31,17,7,5,4,0.18413121666566437,0.5,4
2093,31,17,7,5,8,0.7662642888555574,1.0,4
2094,31,17,8,6,2,0.06228327668805833,0.1,4
2095,31,17,8,6,3,0.09943914206060761,0.2,4
2096,31,17,8,6,3,0.1367145672164469,0.3,4
2097,31,17,8,6,3,0.1367145672164469,0.4,4
2098,31,17,8,6,4,0.24258497551536665,0.5,4
2099,31,17,8,6,9,0.8514711990206304,1.0,4
2100,31,17,9,6,2,0.013087962074338155,0.1,4
2101,31,17,9,6,3,0.1060383978025832,0.2,4
2102,31,17,9,6,4,0.17033075612219017,0.3,4
2103,31,17,9,6,4,0.18413121666566437,0.4,4
2104,31,17,9,6,4,0.2526648953022494,0.5,4
2105,31,17,9,6,8,0.766264288855557,1.0,4
2106,31,17,10,6,2,0.055258337002961455,0.1,4
2107,31,17,10,6,3,0.09943914206060764,0.2,4
2108,31,17,10,6,4,0.17033075612219054,0.3,4
2109,31,17,10,6,4,0.17033075612219176,0.4,4
2110,31,17,10,6,4,0.17033075612219176,0.5,4
2111,31,17,10,6,8,0.7308401155862501,1.0,4
2112,32,17,0,5,2,0.06228327668805833,0.1,4
2113,32,17,0,5,3,0.09943914206060762,0.2,4
2114,32,17,0,5,4,0.1703307561221899,0.3,4
2115,32,17,0,5,4,0.17033075612219173,0.4,4
2116,32,17,0,5,4,0.24258497551536667,0.5,4
2117,32,17,0,5,7,0.7149956031228653,1.0,4
2118,32,17,1,5,2,0.013087962074338155,0.1,4
2119,32,17,1,5,3,0.10603839780258324,0.2,4
2120,32,17,1,5,3,0.08079966843216872,0.3,4
2121,32,17,1,5,3,0.15190174490380992,0.4,4
2122,32,17,1,5,4,0.28055023010968266,0.5,4
2123,32,17,1,5,6,0.6618909061414204,1.0,4
2124,32,17,2,6,3,0.03339333756175383,0.1,4
2125,32,17,2,6,3,0.10603839780258324,0.2,4
2126,32,17,2,6,3,0.10603839780258345,0.3,4
2127,32,17,2,6,4,0.1841312166656646,0.4,4
2128,32,17,2,6,4,0.18413121666566443,0.5,4
2129,32,17,2,6,7,0.7105352074188048,1.0,4
2130,32,17,3,5,2,0.055258337002961455,0.1,4
2131,32,17,3,5,3,0.07918309047197507,0.2,4
2132,32,17,3,5,3,0.1564819706374871,0.3,4
2133,32,17,3,5,3,0.1564819706374871,0.4,4
2134,32,17,3,5,3,0.1564819706374871,0.5,4
2135,32,17,3,5,7,0.6494558525048783,1.0,4
2136,32,17,4,5,2,0.05525861899346296,0.1,4
2137,32,17,4,5,2,0.14489701627130713,0.2,4
2138,32,17,4,5,2,0.14489701627130713,0.3,4
2139,32,17,4,5,2,0.14489701627130713,0.4,4
2140,32,17,4,5,3,0.2249055118580156,0.5,4
2141,32,17,4,5,6,0.7267388962323977,1.0,4
2142,32,17,5,5,2,0.013087962074338155,0.1,4
2143,32,17,5,5,3,0.10603839780258345,0.2,4
2144,32,17,5,5,3,0.0807996684321684,0.3,4
2145,32,17,5,5,4,0.1841312166656646,0.4,4
2146,32,17,5,5,4,0.2526648953022496,0.5,4
2147,32,17,5,5,7,0.68820210288047,1.0,4
2148,32,17,6,5,2,0.055258337002961455,0.1,4
2149,32,17,6,5,3,0.07918309047197507,0.2,4
2150,32,17,6,5,3,0.07918309047197507,0.3,4
2151,32,17,6,5,3,0.07918309047197507,0.4,4
2152,32,17,6,5,4,0.18341552561779237,0.5,4
2153,32,17,6,5,8,0.7912289310765332,1.0,4
2154,32,17,7,5,2,0.05525861899346296,0.1,4
2155,32,17,7,5,3,0.10603839780258308,0.2,4
2156,32,17,7,5,3,0.10603839780258324,0.3,4
2157,32,17,7,5,4,0.1841312166656646,0.4,4
2158,32,17,7,5,4,0.18413121666566443,0.5,4
2159,32,17,7,5,6,0.6154332273087539,1.0,4
2160,32,17,8,6,2,0.06228327668805833,0.1,4
2161,32,17,8,6,3,0.09943914206060761,0.2,4
2162,32,17,8,6,3,0.16002471096435752,0.3,4
2163,32,17,8,6,3,0.16002471096435728,0.4,4
2164,32,17,8,6,4,0.24258497551536667,0.5,4
2165,32,17,8,6,8,0.7912289310765315,1.0,4
2166,32,17,9,6,2,0.013087962074338155,0.1,4
2167,32,17,9,6,3,0.10603839780258324,0.2,4
2168,32,17,9,6,4,0.1703307561221904,0.3,4
2169,32,17,9,6,4,0.18413121666566443,0.4,4
2170,32,17,9,6,4,0.2526648953022496,0.5,4
2171,32,17,9,6,7,0.7092571175612742,1.0,4
2172,32,17,10,6,2,0.055258337002961455,0.1,4
2173,32,17,10,6,3,0.09943914206060761,0.2,4
2174,32,17,10,6,4,0.17033075612219062,0.3,4
2175,32,17,10,6,4,0.17033075612219095,0.4,4
2176,32,17,10,6,4,0.17033075612219095,0.5,4
2177,32,17,10,6,8,0.73084011558625,1.0,4
2178,33,18,0,5,2,0.06517233416225099,0.1,4
2179,33,18,0,5,2,0.06517233416225099,0.2,4
2180,33,18,0,5,4,0.17033075612218973,0.3,4
2181,33,18,0,5,4,0.1703307561221917,0.4,4
2182,33,18,0,5,4,0.24258497551536645,0.5,4
2183,33,18,0,5,7,0.7149956031228651,1.0,4
2184,33,18,1,5,2,0.03439817405344736,0.1,4
2185,33,18,1,5,3,0.1060383978025832,0.2,4
2186,33,18,1,5,3,0.07290375711085267,0.3,4
2187,33,18,1,5,3,0.15190174490380992,0.4,4
2188,33,18,1,5,4,0.2805502301096825,0.5,4
2189,33,18,1,5,7,0.8398640257098907,1.0,4
2190,33,18,2,6,3,0.03339333756175383,0.1,4
2191,33,18,2,6,3,0.1060383978025832,0.2,4
2192,33,18,2,6,3,0.1060383978025832,0.3,4
2193,33,18,2,6,4,0.18413121666566462,0.4,4
2194,33,18,2,6,4,0.18413121666566437,0.5,4
2195,33,18,2,6,9,0.8091947089452638,1.0,4
2196,33,18,3,5,2,0.07219727384734786,0.1,4
2197,33,18,3,5,3,0.07918309047197539,0.2,4
2198,33,18,3,5,3,0.1564819706374869,0.3,4
2199,33,18,3,5,3,0.17401441045694255,0.4,4
2200,33,18,3,5,3,0.17401441045694255,0.5,4
2201,33,18,3,5,7,0.6329830796482558,1.0,4
2202,33,18,4,5,2,0.055019654589847145,0.1,4
2203,33,18,4,5,2,0.055019654589847145,0.2,4
2204,33,18,4,5,2,0.055019654589847145,0.3,4
2205,33,18,4,5,2,0.055019654589847145,0.4,4
2206,33,18,4,5,3,0.22490551185801508,0.5,4
2207,33,18,4,5,7,0.7116910171749726,1.0,4
2208,33,18,5,5,2,0.03439817405344736,0.1,4
2209,33,18,5,5,3,0.1060383978025832,0.2,4
2210,33,18,5,5,3,0.07290375711085267,0.3,4
2211,33,18,5,5,4,0.18413121666566437,0.4,4
2212,33,18,5,5,4,0.2526648953022499,0.5,4
2213,33,18,5,5,8,0.7561896552517626,1.0,4
2214,33,18,6,5,2,0.07219727384734786,0.1,4
2215,33,18,6,5,3,0.07918309047197537,0.2,4
2216,33,18,6,5,3,0.0791830904719754,0.3,4
2217,33,18,6,5,3,0.07918309047197539,0.4,4
2218,33,18,6,5,4,0.18341552561779237,0.5,4
2219,33,18,6,5,7,0.6535135342546671,1.0,4
2220,33,18,7,5,2,0.017441405420997813,0.1,4
2221,33,18,7,5,3,0.1060383978025832,0.2,4
2222,33,18,7,5,3,0.1060383978025832,0.3,4
2223,33,18,7,5,4,0.18413121666566437,0.4,4
2224,33,18,7,5,4,0.18413121666566434,0.5,4
2225,33,18,7,5,8,0.6911053438205832,1.0,4
2226,33,18,8,6,2,0.06517233416225099,0.1,4
2227,33,18,8,6,3,0.07918309047197539,0.2,4
2228,33,18,8,6,3,0.0994391420606077,0.3,4
2229,33,18,8,6,3,0.1600247109643574,0.4,4
2230,33,18,8,6,4,0.2597429397614926,0.5,4
2231,33,18,8,6,9,0.8091947089452635,1.0,4
2232,33,18,9,6,2,0.03439817405344736,0.1,4
2233,33,18,9,6,3,0.10603839780258308,0.2,4
2234,33,18,9,6,4,0.17033075612219023,0.3,4
2235,33,18,9,6,4,0.18413121666566445,0.4,4
2236,33,18,9,6,4,0.2526648953022499,0.5,4
2237,33,18,9,6,8,0.7561896552517627,1.0,4
2238,33,18,10,6,2,0.07219727384734786,0.1,4
2239,33,18,10,6,2,0.07219727384734786,0.2,4
2240,33,18,10,6,4,0.1703307561221906,0.3,4
2241,33,18,10,6,4,0.17033075612219176,0.4,4
2242,33,18,10,6,4,0.315241241519655,0.5,4
2243,33,18,10,6,9,0.8091947089452636,1.0,4
2244,34,18,0,5,2,0.05367153006679837,0.1,4
2245,34,18,0,5,3,0.09943914206060761,0.2,4
2246,34,18,0,5,4,0.17033075612219037,0.3,4
2247,34,18,0,5,4,0.17033075612219195,0.4,4
2248,34,18,0,5,4,0.24258497551536648,0.5,4
2249,34,18,0,5,7,0.7149956031228656,1.0,4
2250,34,18,1,5,2,0.10272635935218238,0.1,4
2251,34,18,1,5,3,0.10603839780258308,0.2,4
2252,34,18,1,5,3,0.08079966843216856,0.3,4
2253,34,18,1,5,3,0.13050223578749798,0.4,4
2254,34,18,1,5,4,0.2805502301096827,0.5,4
2255,34,18,1,5,8,0.7341088418892826,1.0,4
2256,34,18,2,6,3,0.03339333756175369,0.1,4
2257,34,18,2,6,3,0.10603839780258308,0.2,4
2258,34,18,2,6,3,0.10603839780258308,0.3,4
2259,34,18,2,6,4,0.1841312166656645,0.4,4
2260,34,18,2,6,4,0.18413121666566437,0.5,4
2261,34,18,2,6,9,0.8428655989122164,1.0,4
2262,34,18,3,5,2,0.06069646975189524,0.1,4
2263,34,18,3,5,3,0.07918309047197539,0.2,4
2264,34,18,3,5,3,0.17401441045694244,0.3,4
2265,34,18,3,5,3,0.0841018926536917,0.4,4
2266,34,18,3,5,3,0.0841018926536917,0.5,4
2267,34,18,3,5,7,0.6494558525048786,1.0,4
2268,34,18,4,5,2,0.028942209516450434,0.1,4
2269,34,18,4,5,3,0.12559879038341482,0.2,4
2270,34,18,4,5,3,0.12559879038341482,0.3,4
2271,34,18,4,5,3,0.12559879038341482,0.4,4
2272,34,18,4,5,3,0.22490551185801508,0.5,4
2273,34,18,4,5,7,0.7116910171749727,1.0,4
2274,34,18,5,5,2,0.10272635935218238,0.1,4
2275,34,18,5,5,3,0.10603839780258308,0.2,4
2276,34,18,5,5,3,0.08079966843216874,0.3,4
2277,34,18,5,5,4,0.18413121666566437,0.4,4
2278,34,18,5,5,4,0.25266489530224934,0.5,4
2279,34,18,5,5,7,0.6882021028804697,1.0,4
2280,34,18,6,5,2,0.06069646975189524,0.1,4
2281,34,18,6,5,3,0.07918309047197539,0.2,4
2282,34,18,6,5,3,0.07918309047197539,0.3,4
2283,34,18,6,5,3,0.07918309047197539,0.4,4
2284,34,18,6,5,4,0.18341552561779217,0.5,4
2285,34,18,6,5,9,0.8514711990206301,1.0,4
2286,34,18,7,5,2,0.028942209516450434,0.1,4
2287,34,18,7,5,3,0.10603839780258308,0.2,4
2288,34,18,7,5,3,0.10603839780258308,0.3,4
2289,34,18,7,5,4,0.18413121666566437,0.4,4
2290,34,18,7,5,4,0.18413121666566437,0.5,4
2291,34,18,7,5,8,0.7662642888555576,1.0,4
2292,34,18,8,6,2,0.05367153006679837,0.1,4
2293,34,18,8,6,3,0.09943914206060761,0.2,4
2294,34,18,8,6,3,0.16002471096435752,0.3,4
2295,34,18,8,6,3,0.16002471096435752,0.4,4
2296,34,18,8,6,4,0.24258497551536648,0.5,4
2297,34,18,8,6,9,0.8514711990206318,1.0,4
2298,34,18,9,6,2,0.10272635935218238,0.1,4
2299,34,18,9,6,3,0.10603839780258308,0.2,4
2300,34,18,9,6,4,0.17033075612219,0.3,4
2301,34,18,9,6,4,0.18413121666566437,0.4,4
2302,34,18,9,6,4,0.25266489530224906,0.5,4
2303,34,18,9,6,8,0.766264288855558,1.0,4
2304,34,18,10,6,2,0.06069646975189524,0.1,4
2305,34,18,10,6,3,0.09943914206060767,0.2,4
2306,34,18,10,6,4,0.17033075612218992,0.3,4
2307,34,18,10,6,4,0.17033075612219076,0.4,4
2308,34,18,10,6,4,0.1703307561221919,0.5,4
2309,34,18,10,6,8,0.7308401155862494,1.0,4
2310,35,5,0,5,2,0.06228327668805833,0.1,4
2311,35,5,0,5,2,0.06228327668805833,0.2,4
2312,35,5,0,5,4,0.17033075612219262,0.3,4
2313,35,5,0,5,4,0.17033075612219134,0.4,4
2314,35,5,0,5,4,0.17033075612219092,0.5,4
2315,35,5,0,5,5,0.730358183418821,1.0,4
2316,35,5,1,5,2,0.013087962074338155,0.1,4
2317,35,5,1,5,2,0.013087962074338155,0.2,4
2318,35,5,1,5,2,0.013087962074338155,0.3,4
2319,35,5,1,5,4,0.2805502301096828,0.4,4
2320,35,5,1,5,4,0.28055023010968266,0.5,4
2321,35,5,1,5,5,0.5831083160786438,1.0,4
2322,35,5,2,6,3,0.033393337561753667,0.1,4
2323,35,5,2,6,3,0.033393337561753667,0.2,4
2324,35,5,2,6,3,0.14666411036886184,0.3,4
2325,35,5,2,6,3,0.14666411036886193,0.4,4
2326,35,5,2,6,3,0.31877343118058493,0.5,4
2327,35,5,2,6,4,0.705775297320938,1.0,4
2328,35,5,3,5,2,0.055258337002961455,0.1,4
2329,35,5,3,5,2,0.055258337002961455,0.2,4
2330,35,5,3,5,3,0.15648197063748695,0.3,4
2331,35,5,3,5,3,0.1564819706374871,0.4,4
2332,35,5,3,5,3,0.1564819706374871,0.5,4
2333,35,5,3,5,5,0.6587085734851529,1.0,4
2334,35,5,4,5,2,0.14489701627130713,0.1,4
2335,35,5,4,5,2,0.14489701627130713,0.2,4
2336,35,5,4,5,2,0.14489701627130713,0.3,4
2337,35,5,4,5,3,0.17174463384618952,0.4,4
2338,35,5,4,5,3,0.31877343118058526,0.5,4
2339,35,5,4,5,5,0.6263004534900749,1.0,4
2340,35,5,5,5,2,0.013087962074338155,0.1,4
2341,35,5,5,5,2,0.013087962074338155,0.2,4
2342,35,5,5,5,3,0.14666411036886184,0.3,4
2343,35,5,5,5,3,0.18956174821415747,0.4,4
2344,35,5,5,5,3,0.18956174821415755,0.5,4
2345,35,5,5,5,5,0.7207914894080378,1.0,4
2346,35,5,6,5,2,0.055258337002961455,0.1,4
2347,35,5,6,5,3,0.17146607517314782,0.2,4
2348,35,5,6,5,3,0.17146607517314755,0.3,4
2349,35,5,6,5,3,0.16042708125067945,0.4,4
2350,35,5,6,5,3,0.16042708125067948,0.5,4
2351,35,5,6,5,5,0.843175440921039,1.0,4
2352,35,5,7,5,2,0.14489701627130713,0.1,4
2353,35,5,7,5,2,0.14489701627130713,0.2,4
2354,35,5,7,5,3,0.14666411036886184,0.3,4
2355,35,5,7,5,4,0.2805502301096825,0.4,4
2356,35,5,7,5,4,0.2805502301096827,0.5,4
2357,35,5,7,5,5,0.8431754409210389,1.0,4
2358,35,5,8,6,2,0.06228327668805833,0.1,4
2359,35,5,8,6,3,0.17146607517314771,0.2,4
2360,35,5,8,6,3,0.1416178183232624,0.3,4
2361,35,5,8,6,3,0.1416178183232624,0.4,4
2362,35,5,8,6,3,0.22116690248102958,0.5,4
2363,35,5,8,6,5,0.5289328048244063,1.0,4
2364,35,5,9,6,2,0.013087962074338155,0.1,4
2365,35,5,9,6,2,0.013087962074338155,0.2,4
2366,35,5,9,6,4,0.1703307561221916,0.3,4
2367,35,5,9,6,4,0.28055023010968255,0.4,4
2368,35,5,9,6,4,0.28055023010968255,0.5,4
2369,35,5,9,6,5,0.46469611966414076,1.0,4
2370,35,5,10,6,2,0.055258337002961455,0.1,4
2371,35,5,10,6,2,0.055258337002961455,0.2,4
2372,35,5,10,6,4,0.1703307561221916,0.3,4
2373,35,5,10,6,4,0.1703307561221921,0.4,4
2374,35,5,10,6,4,0.17033075612219192,0.5,4
2375,35,5,10,6,5,0.777996120473107,1.0,4
2376,36,5,0,5,2,0.1097694128158444,0.1,4
2377,36,5,0,5,3,0.09943914206060761,0.2,4
2378,36,5,0,5,3,0.09943914206060767,0.3,4
2379,36,5,0,5,3,0.09943914206060764,0.4,4
2380,36,5,0,5,3,0.09943914206060762,0.5,4
2381,36,5,0,5,5,0.6610526995892386,1.0,4
2382,36,5,1,5,2,0.034398174053447805,0.1,4
2383,36,5,1,5,2,0.034398174053447805,0.2,4
2384,36,5,1,5,2,0.034398174053447805,0.3,4
2385,36,5,1,5,3,0.18132238364915,0.4,4
2386,36,5,1,5,3,0.18132238364914988,0.5,4
2387,36,5,1,5,5,0.5486422207133433,1.0,4
2388,36,5,2,6,2,0.034398174053447805,0.1,4
2389,36,5,2,6,3,0.1255987903834147,0.2,4
2390,36,5,2,6,3,0.12559879038341473,0.3,4
2391,36,5,2,6,3,0.12559879038341473,0.4,4
2392,36,5,2,6,3,0.1255987903834147,0.5,4
2393,36,5,2,6,5,0.7391438228970779,1.0,4
2394,36,5,3,5,2,0.10274447313074753,0.1,4
2395,36,5,3,5,2,0.10274447313074753,0.2,4
2396,36,5,3,5,2,0.10274447313074753,0.3,4
2397,36,5,3,5,3,0.11890851302090943,0.4,4
2398,36,5,3,5,3,0.11890851302090948,0.5,4
2399,36,5,3,5,5,0.6855468043799091,1.0,4
2400,36,5,4,5,0,inf,0.1,4
2401,36,5,4,5,3,0.12559879038341482,0.2,4
2402,36,5,4,5,3,0.1255987903834147,0.3,4
2403,36,5,4,5,3,0.1255987903834147,0.4,4
2404,36,5,4,5,3,0.12559879038341465,0.5,4
2405,36,5,4,5,5,0.6466384474709499,1.0,4
2406,36,5,5,5,2,0.034398174053447805,0.1,4
2407,36,5,5,5,3,0.12559879038341468,0.2,4
2408,36,5,5,5,3,0.1255987903834147,0.3,4
2409,36,5,5,5,3,0.1255987903834147,0.4,4
2410,36,5,5,5,3,0.12559879038341468,0.5,4
2411,36,5,5,5,5,0.7391438228970771,1.0,4
2412,36,5,6,5,2,0.10274447313074753,0.1,4
2413,36,5,6,5,3,0.09795700008415911,0.2,4
2414,36,5,6,5,3,0.0979570000841589,0.3,4
2415,36,5,6,5,3,0.1189085130209091,0.4,4
2416,36,5,6,5,3,0.11890851302090913,0.5,4
2417,36,5,6,5,5,0.6855468043799091,1.0,4
2418,36,5,7,5,2,0.034398174053447805,0.1,4
2419,36,5,7,5,2,0.1401445166326556,0.2,4
2420,36,5,7,5,2,0.1401445166326556,0.3,4
2421,36,5,7,5,4,0.20759239901833418,0.4,4
2422,36,5,7,5,4,0.20759239901833404,0.5,4
2423,36,5,7,5,5,0.513731966664953,1.0,4
2424,36,5,8,6,2,0.1097694128158444,0.1,4
2425,36,5,8,6,3,0.09943914206060761,0.2,4
2426,36,5,8,6,3,0.09943914206060762,0.3,4
2427,36,5,8,6,3,0.09943914206060767,0.4,4
2428,36,5,8,6,3,0.09943914206060767,0.5,4
2429,36,5,8,6,5,0.6737581170960879,1.0,4
2430,36,5,9,6,2,0.034398174053447805,0.1,4
2431,36,5,9,6,3,0.12559879038341473,0.2,4
2432,36,5,9,6,3,0.1255987903834147,0.3,4
2433,36,5,9,6,4,0.2075923990183343,0.4,4
2434,36,5,9,6,4,0.20759239901833432,0.5,4
2435,36,5,9,6,5,0.7391438228970776,1.0,4
2436,36,5,10,6,2,0.10274447313074753,0.1,4
2437,36,5,10,6,3,0.1255987903834146,0.2,4
2438,36,5,10,6,3,0.19154878587824764,0.3,4
2439,36,5,10,6,4,0.2075923990183338,0.4,4
2440,36,5,10,6,4,0.20759239901833365,0.5,4
2441,36,5,10,6,5,0.6855468043799092,1.0,4
2442,37,6,0,5,2,0.06517233416225099,0.1,4
2443,37,6,0,5,2,0.06517233416225099,0.2,4
2444,37,6,0,5,3,0.17401441045694244,0.3,4
2445,37,6,0,5,3,0.13006661275695539,0.4,4
2446,37,6,0,5,4,0.20908707473270927,0.5,4
2447,37,6,0,5,6,0.7661166029236322,1.0,4
2448,37,6,1,5,2,0.03439817405344736,0.1,4
2449,37,6,1,5,2,0.14054357292464753,0.2,4
2450,37,6,1,5,3,0.07290375711085263,0.3,4
2451,37,6,1,5,3,0.20618970634843242,0.4,4
2452,37,6,1,5,3,0.20618970634843248,0.5,4
2453,37,6,1,5,5,0.5933369685616564,1.0,4
2454,37,6,2,6,2,0.017441405420997813,0.1,4
2455,37,6,2,6,2,0.017441405420997813,0.2,4
2456,37,6,2,6,3,0.07290375711085263,0.3,4
2457,37,6,2,6,3,0.1304242055923083,0.4,4
2458,37,6,2,6,4,0.25266489530224934,0.5,4
2459,37,6,2,6,6,0.8213205716887939,1.0,4
2460,37,6,3,5,2,0.07219727384734786,0.1,4
2461,37,6,3,5,2,0.07219727384734786,0.2,4
2462,37,6,3,5,3,0.1740144104569424,0.3,4
2463,37,6,3,5,3,0.1740144104569424,0.4,4
2464,37,6,3,5,3,0.17401441045694255,0.5,4
2465,37,6,3,5,5,0.8145909684348209,1.0,4
2466,37,6,4,5,2,0.1166399242839935,0.1,4
2467,37,6,4,5,2,0.1166399242839935,0.2,4
2468,37,6,4,5,2,0.1166399242839935,0.3,4
2469,37,6,4,5,2,0.1166399242839935,0.4,4
2470,37,6,4,5,3,0.2072541265216473,0.5,4
2471,37,6,4,5,5,0.578808278069258,1.0,4
2472,37,6,5,5,2,0.03439817405344736,0.1,4
2473,37,6,5,5,2,0.14054357292464753,0.2,4
2474,37,6,5,5,3,0.07290375711085267,0.3,4
2475,37,6,5,5,3,0.20618970634843223,0.4,4
2476,37,6,5,5,4,0.2526648953022495,0.5,4
2477,37,6,5,5,5,0.5823109345643164,1.0,4
2478,37,6,6,5,2,0.07219727384734786,0.1,4
2479,37,6,6,5,2,0.07219727384734786,0.2,4
2480,37,6,6,5,3,0.17401441045694246,0.3,4
2481,37,6,6,5,3,0.17401441045694255,0.4,4
2482,37,6,6,5,3,0.17401441045694246,0.5,4
2483,37,6,6,5,5,0.31323039412361053,1.0,4
2484,37,6,7,5,2,0.017441405420997813,0.1,4
2485,37,6,7,5,2,0.017441405420997813,0.2,4
2486,37,6,7,5,3,0.07290375711085266,0.3,4
2487,37,6,7,5,3,0.1304242055923083,0.4,4
2488,37,6,7,5,3,0.0729037571108526,0.5,4
2489,37,6,7,5,5,0.8069040435028535,1.0,4
2490,37,6,8,6,2,0.06517233416225099,0.1,4
2491,37,6,8,6,2,0.06517233416225099,0.2,4
2492,37,6,8,6,3,0.16002471096435691,0.3,4
2493,37,6,8,6,3,0.16002471096435752,0.4,4
2494,37,6,8,6,4,0.20908707473270924,0.5,4
2495,37,6,8,6,6,0.8213205716887937,1.0,4
2496,37,6,9,6,2,0.03439817405344736,0.1,4
2497,37,6,9,6,2,0.14054357292464753,0.2,4
2498,37,6,9,6,3,0.07290375711085267,0.3,4
2499,37,6,9,6,3,0.20618970634843242,0.4,4
2500,37,6,9,6,4,0.25266489530224945,0.5,4
2501,37,6,9,6,5,0.8069040435028538,1.0,4
2502,37,6,10,6,2,0.07219727384734786,0.1,4
2503,37,6,10,6,2,0.07219727384734786,0.2,4
2504,37,6,10,6,3,0.17401441045694255,0.3,4
2505,37,6,10,6,3,0.1740144104569424,0.4,4
2506,37,6,10,6,4,0.20908707473270913,0.5,4
2507,37,6,10,6,6,0.7661166029236324,1.0,4
2508,38,6,0,5,2,0.12314616795856992,0.1,4
2509,38,6,0,5,2,0.12314616795856992,0.2,4
2510,38,6,0,5,2,0.12314616795856992,0.3,4
2511,38,6,0,5,3,0.1872516601946967,0.4,4
2512,38,6,0,5,3,0.18725166019469677,0.5,4
2513,38,6,0,5,5,0.6971680137807436,1.0,4
2514,38,6,1,5,2,0.04777492919617343,0.1,4
2515,38,6,1,5,2,0.04777492919617343,0.2,4
2516,38,6,1,5,2,0.04777492919617343,0.3,4
2517,38,6,1,5,2,0.04777492919617343,0.4,4
2518,38,6,1,5,3,0.15206372667881357,0.5,4
2519,38,6,1,5,6,0.7211955068010285,1.0,4
2520,38,6,2,6,2,0.012328913193448643,0.1,4
2521,38,6,2,6,2,0.012328913193448643,0.2,4
2522,38,6,2,6,2,0.012328913193448643,0.3,4
2523,38,6,2,6,2,0.012328913193448643,0.4,4
2524,38,6,2,6,3,0.15206372667881357,0.5,4
2525,38,6,2,6,6,0.7324483969367207,1.0,4
2526,38,6,3,5,2,0.11612122827347304,0.1,4
2527,38,6,3,5,2,0.11612122827347304,0.2,4
2528,38,6,3,5,2,0.11612122827347304,0.3,4
2529,38,6,3,5,3,0.1872516601946967,0.4,4
2530,38,6,3,5,3,0.20296746461886864,0.5,4
2531,38,6,3,5,6,0.6069069546062185,1.0,4
2532,38,6,4,5,2,0.012328913193448643,0.1,4
2533,38,6,4,5,2,0.012328913193448643,0.2,4
2534,38,6,4,5,2,0.012328913193448643,0.3,4
2535,38,6,4,5,2,0.012328913193448643,0.4,4
2536,38,6,4,5,2,0.012328913193448643,0.5,4
2537,38,6,4,5,4,0.5090803140601987,1.0,4
2538,38,6,5,5,2,0.04777492919617343,0.1,4
2539,38,6,5,5,2,0.04777492919617343,0.2,4
2540,38,6,5,5,2,0.04777492919617343,0.3,4
2541,38,6,5,5,2,0.04777492919617343,0.4,4
2542,38,6,5,5,3,0.15206372667881354,0.5,4
2543,38,6,5,5,6,0.7324483969367201,1.0,4
2544,38,6,6,5,2,0.11612122827347304,0.1,4
2545,38,6,6,5,2,0.11612122827347304,0.2,4
2546,38,6,6,5,2,0.11612122827347304,0.3,4
2547,38,6,6,5,3,0.1872516601946967,0.4,4
2548,38,6,6,5,3,0.1872516601946967,0.5,4
2549,38,6,6,5,6,0.8034668645233195,1.0,4
2550,38,6,7,5,2,0.012328913193448643,0.1,4
2551,38,6,7,5,2,0.012328913193448643,0.2,4
2552,38,6,7,5,2,0.012328913193448643,0.3,4
2553,38,6,7,5,2,0.012328913193448643,0.4,4
2554,38,6,7,5,3,0.15206372667881357,0.5,4
2555,38,6,7,5,6,0.7441030260557507,1.0,4
2556,38,6,8,6,2,0.12314616795856992,0.1,4
2557,38,6,8,6,2,0.12314616795856992,0.2,4
2558,38,6,8,6,2,0.12314616795856992,0.3,4
2559,38,6,8,6,3,0.18725166019469677,0.4,4
2560,38,6,8,6,3,0.13240893929164407,0.5,4
2561,38,6,8,6,6,0.6750347223389788,1.0,4
2562,38,6,9,6,2,0.04777492919617343,0.1,4
2563,38,6,9,6,2,0.04777492919617343,0.2,4
2564,38,6,9,6,2,0.04777492919617343,0.3,4
2565,38,6,9,6,2,0.04777492919617343,0.4,4
2566,38,6,9,6,3,0.15206372667881357,0.5,4
2567,38,6,9,6,6,0.7441030260557508,1.0,4
2568,38,6,10,6,2,0.11612122827347304,0.1,4
2569,38,6,10,6,2,0.11612122827347304,0.2,4
2570,38,6,10,6,2,0.11612122827347304,0.3,4
2571,38,6,10,6,3,0.1872516601946967,0.4,4
2572,38,6,10,6,3,0.14546562421272655,0.5,4
2573,38,6,10,6,6,0.6750347223389792,1.0,4
2574,39,6,0,5,2,0.11784070001932567,0.1,4
2575,39,6,0,5,2,0.160167535422712,0.2,4
2576,39,6,0,5,2,0.160167535422712,0.3,4
2577,39,6,0,5,3,0.09919690976856181,0.4,4
2578,39,6,0,5,3,0.2369758975318604,0.5,4
2579,39,6,0,5,5,0.6261127890864786,1.0,4
2580,39,6,1,5,2,0.08479629666031546,0.1,4
2581,39,6,1,5,2,0.08479629666031546,0.2,4
2582,39,6,1,5,2,0.08479629666031546,0.3,4
2583,39,6,1,5,2,0.08479629666031546,0.4,4
2584,39,6,1,5,3,0.11506469698992457,0.5,4
2585,39,6,1,5,5,0.6090287080687515,1.0,4
2586,39,6,2,6,2,0.08479629666031546,0.1,4
2587,39,6,2,6,2,0.08479629666031546,0.2,4
2588,39,6,2,6,2,0.08479629666031546,0.3,4
2589,39,6,2,6,2,0.08479629666031546,0.4,4
2590,39,6,2,6,2,0.08479629666031546,0.5,4
2591,39,6,2,6,6,0.6323065535808857,1.0,4
2592,39,6,3,5,2,0.1108157603342288,0.1,4
2593,39,6,3,5,2,0.15314259573761513,0.2,4
2594,39,6,3,5,2,0.15314259573761513,0.3,4
2595,39,6,3,5,3,0.09919690976856198,0.4,4
2596,39,6,3,5,3,0.23697589753186038,0.5,4
2597,39,6,3,5,5,0.6261127890864787,1.0,4
2598,39,6,4,5,2,0.011922379891523782,0.1,4
2599,39,6,4,5,2,0.011922379891523782,0.2,4
2600,39,6,4,5,2,0.011922379891523782,0.3,4
2601,39,6,4,5,3,0.10966269235276081,0.4,4
2602,39,6,4,5,3,0.1096626923527608,0.5,4
2603,39,6,4,5,6,0.7453687431994689,1.0,4
2604,39,6,5,5,2,0.08479629666031546,0.1,4
2605,39,6,5,5,2,0.08479629666031546,0.2,4
2606,39,6,5,5,2,0.08479629666031546,0.3,4
2607,39,6,5,5,2,0.08479629666031546,0.4,4
2608,39,6,5,5,2,0.08479629666031546,0.5,4
2609,39,6,5,5,6,0.6323065535808862,1.0,4
2610,39,6,6,5,2,0.1108157603342288,0.1,4
2611,39,6,6,5,2,0.15314259573761513,0.2,4
2612,39,6,6,5,2,0.15314259573761513,0.3,4
2613,39,6,6,5,3,0.22718059491084283,0.4,4
2614,39,6,6,5,3,0.1699174270662935,0.5,4
2615,39,6,6,5,6,0.7706714822263295,1.0,4
2616,39,6,7,5,2,0.08479629666031546,0.1,4
2617,39,6,7,5,2,0.08479629666031546,0.2,4
2618,39,6,7,5,2,0.08479629666031546,0.3,4
2619,39,6,7,5,3,0.22718059491084278,0.4,4
2620,39,6,7,5,3,0.11506469698992457,0.5,4
2621,39,6,7,5,5,0.6090287080687512,1.0,4
2622,39,6,8,6,2,0.11784070001932567,0.1,4
2623,39,6,8,6,2,0.160167535422712,0.2,4
2624,39,6,8,6,2,0.160167535422712,0.3,4
2625,39,6,8,6,3,0.22718059491084278,0.4,4
2626,39,6,8,6,3,0.16991742706629365,0.5,4
2627,39,6,8,6,6,0.805683407404347,1.0,4
2628,39,6,9,6,2,0.08479629666031546,0.1,4
2629,39,6,9,6,2,0.08479629666031546,0.2,4
2630,39,6,9,6,2,0.08479629666031546,0.3,4
2631,39,6,9,6,3,0.22718059491084275,0.4,4
2632,39,6,9,6,3,0.11506469698992491,0.5,4
2633,39,6,9,6,6,0.632306553580886,1.0,4
2634,39,6,10,6,2,0.1108157603342288,0.1,4
2635,39,6,10,6,2,0.15314259573761513,0.2,4
2636,39,6,10,6,2,0.15314259573761513,0.3,4
2637,39,6,10,6,3,0.22718059491084278,0.4,4
2638,39,6,10,6,3,0.1699174270662936,0.5,4
2639,39,6,10,6,5,0.5623877459397028,1.0,4
2640,40,6,0,5,2,0.11784070001932567,0.1,4
2641,40,6,0,5,2,0.160167535422712,0.2,4
2642,40,6,0,5,2,0.160167535422712,0.3,4
2643,40,6,0,5,3,0.09919690976856181,0.4,4
2644,40,6,0,5,3,0.23697589753186044,0.5,4
2645,40,6,0,5,6,0.7304513517161306,1.0,4
2646,40,6,1,5,2,0.09202091474487883,0.1,4
2647,40,6,1,5,2,0.09202091474487883,0.2,4
2648,40,6,1,5,2,0.09202091474487883,0.3,4
2649,40,6,1,5,3,0.16524988293404927,0.4,4
2650,40,6,1,5,3,0.20442783687395297,0.5,4
2651,40,6,1,5,6,0.6912680821274746,1.0,4
2652,40,6,2,6,2,0.09202091474487883,0.1,4
2653,40,6,2,6,2,0.09202091474487883,0.2,4
2654,40,6,2,6,2,0.09202091474487883,0.3,4
2655,40,6,2,6,3,0.17060372015300068,0.4,4
2656,40,6,2,6,3,0.17060372015300068,0.5,4
2657,40,6,2,6,6,0.6330045273652678,1.0,4
2658,40,6,3,5,2,0.1108157603342288,0.1,4
2659,40,6,3,5,2,0.15314259573761513,0.2,4
2660,40,6,3,5,2,0.15314259573761513,0.3,4
2661,40,6,3,5,3,0.09919690976856181,0.4,4
2662,40,6,3,5,3,0.2369758975318604,0.5,4
2663,40,6,3,5,5,0.6261127890864789,1.0,4
2664,40,6,4,5,2,0.004798356575649754,0.1,4
2665,40,6,4,5,2,0.004798356575649754,0.2,4
2666,40,6,4,5,2,0.004798356575649754,0.3,4
2667,40,6,4,5,3,0.16524988293404924,0.4,4
2668,40,6,4,5,3,0.204427836873953,0.5,4
2669,40,6,4,5,6,0.7211381203587677,1.0,4
2670,40,6,5,5,2,0.09202091474487883,0.1,4
2671,40,6,5,5,2,0.09202091474487883,0.2,4
2672,40,6,5,5,2,0.09202091474487883,0.3,4
2673,40,6,5,5,2,0.09202091474487883,0.4,4
2674,40,6,5,5,3,0.25802118511102123,0.5,4
2675,40,6,5,5,6,0.6330045273652674,1.0,4
2676,40,6,6,5,2,0.1108157603342288,0.1,4
2677,40,6,6,5,2,0.15314259573761513,0.2,4
2678,40,6,6,5,2,0.15314259573761513,0.3,4
2679,40,6,6,5,3,0.22718059491084278,0.4,4
2680,40,6,6,5,3,0.16991742706629348,0.5,4
2681,40,6,6,5,5,0.6261127890864788,1.0,4
2682,40,6,7,5,2,0.09202091474487883,0.1,4
2683,40,6,7,5,2,0.09202091474487883,0.2,4
2684,40,6,7,5,2,0.09202091474487883,0.3,4
2685,40,6,7,5,3,0.22718059491084253,0.4,4
2686,40,6,7,5,3,0.16991742706629348,0.5,4
2687,40,6,7,5,5,0.6090287080687512,1.0,4
2688,40,6,8,6,2,0.11784070001932567,0.1,4
2689,40,6,8,6,2,0.160167535422712,0.2,4
2690,40,6,8,6,2,0.160167535422712,0.3,4
2691,40,6,8,6,3,0.22718059491084283,0.4,4
2692,40,6,8,6,3,0.1699174270662935,0.5,4
2693,40,6,8,6,6,0.7894116633084258,1.0,4
2694,40,6,9,6,2,0.09202091474487883,0.1,4
2695,40,6,9,6,2,0.09202091474487883,0.2,4
2696,40,6,9,6,2,0.09202091474487883,0.3,4
2697,40,6,9,6,3,0.22718059491084275,0.4,4
2698,40,6,9,6,3,0.1699174270662935,0.5,4
2699,40,6,9,6,6,0.6330045273652671,1.0,4
2700,40,6,10,6,2,0.1108157603342288,0.1,4
2701,40,6,10,6,2,0.15314259573761513,0.2,4
2702,40,6,10,6,2,0.15314259573761513,0.3,4
2703,40,6,10,6,3,0.22718059491084278,0.4,4
2704,40,6,10,6,3,0.16991742706629356,0.5,4
2705,40,6,10,6,6,0.7304513517161308,1.0,4
2706,41,6,0,5,2,0.05367153006679837,0.1,4
2707,41,6,0,5,2,0.05367153006679837,0.2,4
2708,41,6,0,5,3,0.18597554673115674,0.3,4
2709,41,6,0,5,3,0.2744565109358071,0.4,4
2710,41,6,0,5,3,0.2744565109358071,0.5,4
2711,41,6,0,5,6,0.9069209119470634,1.0,4
2712,41,6,1,5,2,0.1290427688291949,0.1,4
2713,41,6,1,5,2,0.1290427688291949,0.2,4
2714,41,6,1,5,3,0.13050223578749795,0.3,4
2715,41,6,1,5,3,0.13050223578749795,0.4,4
2716,41,6,1,5,3,0.1305022357874981,0.5,4
2717,41,6,1,5,5,0.8162285320697465,1.0,4
2718,41,6,2,6,2,0.028942209516450434,0.1,4
2719,41,6,2,6,2,0.028942209516450434,0.2,4
2720,41,6,2,6,3,0.15190174490380987,0.3,4
2721,41,6,2,6,3,0.15190174490380984,0.4,4
2722,41,6,2,6,3,0.15190174490380984,0.5,4
2723,41,6,2,6,6,0.6529006045985932,1.0,4
2724,41,6,3,5,2,0.06069646975189524,0.1,4
2725,41,6,3,5,2,0.06069646975189524,0.2,4
2726,41,6,3,5,3,0.0841018926536917,0.3,4
2727,41,6,3,5,3,0.0841018926536917,0.4,4
2728,41,6,3,5,3,0.0841018926536917,0.5,4
2729,41,6,3,5,5,0.6951509584791045,1.0,4
2730,41,6,4,5,2,0.028942209516450434,0.1,4
2731,41,6,4,5,2,0.22434302054593558,0.2,4
2732,41,6,4,5,2,0.22434302054593558,0.3,4
2733,41,6,4,5,2,0.22434302054593558,0.4,4
2734,41,6,4,5,2,0.22434302054593558,0.5,4
2735,41,6,4,5,6,0.9196955927513553,1.0,4
2736,41,6,5,5,2,0.1290427688291949,0.1,4
2737,41,6,5,5,2,0.1290427688291949,0.2,4
2738,41,6,5,5,3,0.15190174490380995,0.3,4
2739,41,6,5,5,3,0.15190174490380992,0.4,4
2740,41,6,5,5,3,0.15190174490380992,0.5,4
2741,41,6,5,5,6,0.652900604598593,1.0,4
2742,41,6,6,5,2,0.06069646975189524,0.1,4
2743,41,6,6,5,3,0.171466075173148,0.2,4
2744,41,6,6,5,3,0.17146607517314782,0.3,4
2745,41,6,6,5,3,0.2573690256601751,0.4,4
2746,41,6,6,5,3,0.257369025660176,0.5,4
2747,41,6,6,5,6,0.8329652888230041,1.0,4
2748,41,6,7,5,2,0.028942209516450434,0.1,4
2749,41,6,7,5,2,0.028942209516450434,0.2,4
2750,41,6,7,5,3,0.13050223578749803,0.3,4
2751,41,6,7,5,3,0.1519017449038098,0.4,4
2752,41,6,7,5,3,0.1519017449038098,0.5,4
2753,41,6,7,5,5,0.7281944028729472,1.0,4
2754,41,6,8,6,2,0.05367153006679837,0.1,4
2755,41,6,8,6,3,0.17146607517314771,0.2,4
2756,41,6,8,6,3,0.18597554673115657,0.3,4
2757,41,6,8,6,3,0.2744565109358071,0.4,4
2758,41,6,8,6,3,0.2744565109358068,0.5,4
2759,41,6,8,6,6,0.9069209119470624,1.0,4
2760,41,6,9,6,2,0.1290427688291949,0.1,4
2761,41,6,9,6,2,0.1290427688291949,0.2,4
2762,41,6,9,6,3,0.1305022357874981,0.3,4
2763,41,6,9,6,3,0.13050223578749798,0.4,4
2764,41,6,9,6,3,0.1305022357874981,0.5,4
2765,41,6,9,6,6,0.6529006045985933,1.0,4
2766,41,6,10,6,2,0.06069646975189524,0.1,4
2767,41,6,10,6,2,0.06069646975189524,0.2,4
2768,41,6,10,6,3,0.0841018926536917,0.3,4
2769,41,6,10,6,3,0.25736902566017633,0.4,4
2770,41,6,10,6,3,0.2573690256601763,0.5,4
2771,41,6,10,6,6,0.9069209119470629,1.0,4
2772,42,5,0,5,2,0.11389771043752661,0.1,4
2773,42,5,0,5,2,0.160167535422712,0.2,4
2774,42,5,0,5,3,0.07077905030850223,0.3,4
2775,42,5,0,5,3,0.25401741648205406,0.4,4
2776,42,5,0,5,3,0.25401741648205406,0.5,4
2777,42,5,0,5,5,0.6576985616118851,1.0,4
2778,42,5,1,5,2,0.08479629666031546,0.1,4
2779,42,5,1,5,2,0.08479629666031546,0.2,4
2780,42,5,1,5,2,0.08479629666031546,0.3,4
2781,42,5,1,5,2,0.08479629666031546,0.4,4
2782,42,5,1,5,2,0.08479629666031546,0.5,4
2783,42,5,1,5,5,0.6692147876923904,1.0,4
2784,42,5,2,6,2,0.08479629666031546,0.1,4
2785,42,5,2,6,2,0.1401445166326556,0.2,4
2786,42,5,2,6,2,0.1401445166326556,0.3,4
2787,42,5,2,6,2,0.1401445166326556,0.4,4
2788,42,5,2,6,2,0.1401445166326556,0.5,4
2789,42,5,2,6,5,0.6427521022889349,1.0,4
2790,42,5,3,5,2,0.10687277075242974,0.1,4
2791,42,5,3,5,2,0.15314259573761513,0.2,4
2792,42,5,3,5,3,0.07077905030850246,0.3,4
2793,42,5,3,5,3,0.25401741648205406,0.4,4
2794,42,5,3,5,3,0.25401741648205406,0.5,4
2795,42,5,3,5,5,0.6955499469024511,1.0,4
2796,42,5,4,5,0,inf,0.1,4
2797,42,5,4,5,2,0.1401445166326556,0.2,4
2798,42,5,4,5,2,0.1401445166326556,0.3,4
2799,42,5,4,5,2,0.1401445166326556,0.4,4
2800,42,5,4,5,2,0.1401445166326556,0.5,4
2801,42,5,4,5,5,0.7017033110184482,1.0,4
2802,42,5,5,5,2,0.08479629666031546,0.1,4
2803,42,5,5,5,2,0.08479629666031546,0.2,4
2804,42,5,5,5,2,0.08479629666031546,0.3,4
2805,42,5,5,5,2,0.08479629666031546,0.4,4
2806,42,5,5,5,2,0.08479629666031546,0.5,4
2807,42,5,5,5,5,0.6692147876923906,1.0,4
2808,42,5,6,5,2,0.10687277075242974,0.1,4
2809,42,5,6,5,2,0.15314259573761513,0.2,4
2810,42,5,6,5,3,0.07077905030850244,0.3,4
2811,42,5,6,5,3,0.22718059491084278,0.4,4
2812,42,5,6,5,3,0.22718059491084278,0.5,4
2813,42,5,6,5,5,0.7777808908287412,1.0,4
2814,42,5,7,5,2,0.08479629666031546,0.1,4
2815,42,5,7,5,2,0.1401445166326556,0.2,4
2816,42,5,7,5,2,0.1401445166326556,0.3,4
2817,42,5,7,5,3,0.25401741648205406,0.4,4
2818,42,5,7,5,3,0.25401741648205406,0.5,4
2819,42,5,7,5,5,0.6427521022889348,1.0,4
2820,42,5,8,6,2,0.11389771043752661,0.1,4
2821,42,5,8,6,2,0.160167535422712,0.2,4
2822,42,5,8,6,3,0.07077905030850223,0.3,4
2823,42,5,8,6,3,0.22718059491084258,0.4,4
2824,42,5,8,6,3,0.22718059491084275,0.5,4
2825,42,5,8,6,5,0.6576985616118857,1.0,4
2826,42,5,9,6,2,0.08479629666031546,0.1,4
2827,42,5,9,6,2,0.08479629666031546,0.2,4
2828,42,5,9,6,2,0.08479629666031546,0.3,4
2829,42,5,9,6,3,0.25401741648205406,0.4,4
2830,42,5,9,6,3,0.25401741648205406,0.5,4
2831,42,5,9,6,5,0.6692147876923903,1.0,4
2832,42,5,10,6,2,0.10687277075242974,0.1,4
2833,42,5,10,6,2,0.15314259573761513,0.2,4
2834,42,5,10,6,3,0.07077905030850232,0.3,4
2835,42,5,10,6,3,0.25401741648205406,0.4,4
2836,42,5,10,6,3,0.25401741648205406,0.5,4
2837,42,5,10,6,5,0.6520310394715144,1.0,4
2838,43,6,0,5,2,0.06600546540195407,0.1,4
2839,43,6,0,5,2,0.06600546540195407,0.2,4
2840,43,6,0,5,3,0.17401441045694255,0.3,4
2841,43,6,0,5,3,0.13383233181124402,0.4,4
2842,43,6,0,5,4,0.2090870747327092,0.5,4
2843,43,6,0,5,5,0.597662086457621,1.0,4
2844,43,6,1,5,2,0.009365773360442475,0.1,4
2845,43,6,1,5,2,0.009365773360442475,0.2,4
2846,43,6,1,5,3,0.0729037571108527,0.3,4
2847,43,6,1,5,3,0.07290375711085267,0.4,4
2848,43,6,1,5,3,0.07290375711085267,0.5,4
2849,43,6,1,5,5,0.6270833968596594,1.0,4
2850,43,6,2,6,2,0.017441405420997813,0.1,4
2851,43,6,2,6,2,0.14861920498520287,0.2,4
2852,43,6,2,6,3,0.07290375711085269,0.3,4
2853,43,6,2,6,3,0.13042420559230822,0.4,4
2854,43,6,2,6,4,0.28595491337101664,0.5,4
2855,43,6,2,6,5,0.655570580496843,1.0,4
2856,43,6,3,5,2,0.05898052571685719,0.1,4
2857,43,6,3,5,2,0.05898052571685719,0.2,4
2858,43,6,3,5,3,0.17401441045694244,0.3,4
2859,43,6,3,5,3,0.17401441045694255,0.4,4
2860,43,6,3,5,3,0.1696357272944852,0.5,4
2861,43,6,3,5,5,0.7102507396173012,1.0,4
2862,43,6,4,5,2,0.13152927727675712,0.1,4
2863,43,6,4,5,2,0.13152927727675712,0.2,4
2864,43,6,4,5,2,0.13152927727675712,0.3,4
2865,43,6,4,5,3,0.10307970014754599,0.4,4
2866,43,6,4,5,3,0.2072541265216473,0.5,4
2867,43,6,4,5,5,0.8714682153227035,1.0,4
2868,43,6,5,5,2,0.009365773360442475,0.1,4
2869,43,6,5,5,2,0.009365773360442475,0.2,4
2870,43,6,5,5,3,0.07290375711085263,0.3,4
2871,43,6,5,5,3,0.07290375711085266,0.4,4
2872,43,6,5,5,3,0.2954248153813711,0.5,4
2873,43,6,5,5,5,0.6087239846182187,1.0,4
2874,43,6,6,5,2,0.05898052571685719,0.1,4
2875,43,6,6,5,2,0.05898052571685719,0.2,4
2876,43,6,6,5,3,0.17401441045694244,0.3,4
2877,43,6,6,5,3,0.1740144104569424,0.4,4
2878,43,6,6,5,3,0.1696357272944853,0.5,4
2879,43,6,6,5,5,0.31323039412361053,1.0,4
2880,43,6,7,5,2,0.017441405420997813,0.1,4
2881,43,6,7,5,2,0.14861920498520287,0.2,4
2882,43,6,7,5,3,0.07290375711085256,0.3,4
2883,43,6,7,5,3,0.13042420559230822,0.4,4
2884,43,6,7,5,3,0.1304242055923083,0.5,4
2885,43,6,7,5,5,0.8069040435028533,1.0,4
2886,43,6,8,6,2,0.06600546540195407,0.1,4
2887,43,6,8,6,2,0.06600546540195407,0.2,4
2888,43,6,8,6,3,0.17401441045694244,0.3,4
2889,43,6,8,6,3,0.13383233181124404,0.4,4
2890,43,6,8,6,4,0.20908707473270924,0.5,4
2891,43,6,8,6,6,0.5807098450079762,1.0,4
2892,43,6,9,6,2,0.009365773360442475,0.1,4
2893,43,6,9,6,2,0.009365773360442475,0.2,4
2894,43,6,9,6,3,0.07290375711085269,0.3,4
2895,43,6,9,6,3,0.07290375711085256,0.4,4
2896,43,6,9,6,3,0.11796960661245381,0.5,4
2897,43,6,9,6,6,0.680370883146091,1.0,4
2898,43,6,10,6,2,0.05898052571685719,0.1,4
2899,43,6,10,6,2,0.05898052571685719,0.2,4
2900,43,6,10,6,3,0.17401441045694255,0.3,4
2901,43,6,10,6,3,0.1740144104569424,0.4,4
2902,43,6,10,6,4,0.20908707473270918,0.5,4
2903,43,6,10,6,6,0.6303265785837101,1.0,4
2904,44,6,0,5,2,0.10976941281584396,0.1,4
2905,44,6,0,5,3,0.09943914206060762,0.2,4
2906,44,6,0,5,3,0.09943914206060767,0.3,4
2907,44,6,0,5,3,0.0994391420606077,0.4,4
2908,44,6,0,5,3,0.09943914206060761,0.5,4
2909,44,6,0,5,6,0.7481527171707609,1.0,4
2910,44,6,1,5,2,0.03439817405344736,0.1,4
2911,44,6,1,5,2,0.03439817405344736,0.2,4
2912,44,6,1,5,3,0.07290375711085263,0.3,4
2913,44,6,1,5,3,0.07290375711085266,0.4,4
2914,44,6,1,5,3,0.07290375711085269,0.5,4
2915,44,6,1,5,6,0.8148302916443135,1.0,4
2916,44,6,2,6,2,0.017441405420997813,0.1,4
2917,44,6,2,6,3,0.12559879038341482,0.2,4
2918,44,6,2,6,3,0.1255987903834147,0.3,4
2919,44,6,2,6,3,0.1304242055923083,0.4,4
2920,44,6,2,6,3,0.13042420559230822,0.5,4
2921,44,6,2,6,5,0.6457628855608488,1.0,4
2922,44,6,3,5,2,0.10274447313074708,0.1,4
2923,44,6,3,5,2,0.10274447313074708,0.2,4
2924,44,6,3,5,3,0.17401441045694244,0.3,4
2925,44,6,3,5,3,0.17401441045694255,0.4,4
2926,44,6,3,5,3,0.16963572729448534,0.5,4
2927,44,6,3,5,6,0.6570255956000969,1.0,4
2928,44,6,4,5,2,0.017441405420997813,0.1,4
2929,44,6,4,5,3,0.12559879038341473,0.2,4
2930,44,6,4,5,3,0.1255987903834147,0.3,4
2931,44,6,4,5,3,0.12559879038341473,0.4,4
2932,44,6,4,5,3,0.1255987903834147,0.5,4
2933,44,6,4,5,6,0.8148302916443136,1.0,4
2934,44,6,5,5,2,0.03439817405344736,0.1,4
2935,44,6,5,5,3,0.12559879038341473,0.2,4
2936,44,6,5,5,3,0.07290375711085266,0.3,4
2937,44,6,5,5,3,0.07290375711085266,0.4,4
2938,44,6,5,5,3,0.07290375711085256,0.5,4
2939,44,6,5,5,6,0.7094548475927327,1.0,4
2940,44,6,6,5,2,0.10274447313074708,0.1,4
2941,44,6,6,5,3,0.0979570000841589,0.2,4
2942,44,6,6,5,3,0.17401441045694255,0.3,4
2943,44,6,6,5,3,0.11890851302090936,0.4,4
2944,44,6,6,5,3,0.27261730180854415,0.5,4
2945,44,6,6,5,6,0.6111380356410131,1.0,4
2946,44,6,7,5,2,0.017441405420997813,0.1,4
2947,44,6,7,5,2,0.14861920498520287,0.2,4
2948,44,6,7,5,3,0.07290375711085267,0.3,4
2949,44,6,7,5,4,0.20759239901833423,0.4,4
2950,44,6,7,5,4,0.20759239901833393,0.5,4
2951,44,6,7,5,5,0.7246870041865128,1.0,4
2952,44,6,8,6,2,0.10976941281584396,0.1,4
2953,44,6,8,6,3,0.09943914206060762,0.2,4
2954,44,6,8,6,3,0.0994391420606077,0.3,4
2955,44,6,8,6,3,0.09943914206060764,0.4,4
2956,44,6,8,6,3,0.09943914206060762,0.5,4
2957,44,6,8,6,6,0.7481527171707608,1.0,4
2958,44,6,9,6,2,0.03439817405344736,0.1,4
2959,44,6,9,6,3,0.12559879038341468,0.2,4
2960,44,6,9,6,3,0.0729037571108527,0.3,4
2961,44,6,9,6,4,0.20759239901833418,0.4,4
2962,44,6,9,6,4,0.20759239901833412,0.5,4
2963,44,6,9,6,6,0.7168207090859301,1.0,4
2964,44,6,10,6,2,0.10274447313074708,0.1,4
2965,44,6,10,6,3,0.1255987903834146,0.2,4
2966,44,6,10,6,3,0.17401441045694258,0.3,4
2967,44,6,10,6,4,0.20759239901833357,0.4,4
2968,44,6,10,6,4,0.2075923990183335,0.5,4
2969,44,6,10,6,6,0.6748673095954146,1.0,4
2970,45,6,0,5,2,0.032449431670398265,0.1,4
2971,45,6,0,5,2,0.032449431670398265,0.2,4
2972,45,6,0,5,4,0.17033075612219112,0.3,4
2973,45,6,0,5,4,0.17033075612219173,0.4,4
2974,45,6,0,5,4,0.17033075612219187,0.5,4
2975,45,6,0,5,6,0.8429564748090551,1.0,4
2976,45,6,1,5,2,0.10782067043279486,0.1,4
2977,45,6,1,5,3,0.0807996684321684,0.2,4
2978,45,6,1,5,3,0.08079966843216844,0.3,4
2979,45,6,1,5,4,0.2805502301096827,0.4,4
2980,45,6,1,5,4,0.2805502301096826,0.5,4
2981,45,6,1,5,5,0.5831083160786436,1.0,4
2982,45,6,2,6,3,0.0333933375617537,0.1,4
2983,45,6,2,6,3,0.033393337561753667,0.2,4
2984,45,6,2,6,3,0.13696435803609686,0.3,4
2985,45,6,2,6,3,0.13696435803609686,0.4,4
2986,45,6,2,6,4,0.3510889933124608,0.5,4
2987,45,6,2,6,6,0.6715409793921261,1.0,4
2988,45,6,3,5,2,0.03947437135549514,0.1,4
2989,45,6,3,5,3,0.07918309047197537,0.2,4
2990,45,6,3,5,3,0.1564819706374869,0.3,4
2991,45,6,3,5,3,0.14896436720565623,0.4,4
2992,45,6,3,5,4,0.31444349539199307,0.5,4
2993,45,6,3,5,6,0.7965481359599238,1.0,4
2994,45,6,4,5,2,0.050164307912850536,0.1,4
2995,45,6,4,5,2,0.050164307912850536,0.2,4
2996,45,6,4,5,2,0.050164307912850536,0.3,4
2997,45,6,4,5,3,0.17174463384618952,0.4,4
2998,45,6,4,5,3,0.16310290712229925,0.5,4
2999,45,6,4,5,6,0.854504671270535,1.0,4
3000,45,6,5,5,2,0.10782067043279486,0.1,4
3001,45,6,5,5,3,0.08079966843216843,0.2,4
3002,45,6,5,5,3,0.08079966843216854,0.3,4
3003,45,6,5,5,3,0.1514633526758614,0.4,4
3004,45,6,5,5,3,0.15146335267586128,0.5,4
3005,45,6,5,5,5,0.5873992970201785,1.0,4
3006,45,6,6,5,2,0.03947437135549514,0.1,4
3007,45,6,6,5,3,0.07918309047197516,0.2,4
3008,45,6,6,5,3,0.07918309047197539,0.3,4
3009,45,6,6,5,4,0.18341552561779237,0.4,4
3010,45,6,6,5,4,0.1834155256177924,0.5,4
3011,45,6,6,5,6,0.7150441580837108,1.0,4
3012,45,6,7,5,2,0.050164307912850536,0.1,4
3013,45,6,7,5,3,0.07918309047197516,0.2,4
3014,45,6,7,5,3,0.13696435803609697,0.3,4
3015,45,6,7,5,4,0.2805502301096823,0.4,4
3016,45,6,7,5,4,0.31444349539199284,0.5,4
3017,45,6,7,5,5,0.763374070631212,1.0,4
3018,45,6,8,6,2,0.032449431670398265,0.1,4
3019,45,6,8,6,3,0.07918309047197516,0.2,4
3020,45,6,8,6,3,0.1641266570053399,0.3,4
3021,45,6,8,6,4,0.18341552561779245,0.4,4
3022,45,6,8,6,4,0.18341552561779245,0.5,4
3023,45,6,8,6,6,0.6432480524765142,1.0,4
3024,45,6,9,6,2,0.10782067043279486,0.1,4
3025,45,6,9,6,3,0.08079966843216844,0.2,4
3026,45,6,9,6,4,0.17033075612219176,0.3,4
3027,45,6,9,6,4,0.28055023010968255,0.4,4
3028,45,6,9,6,4,0.2805502301096825,0.5,4
3029,45,6,9,6,5,0.4646961196641408,1.0,4
3030,45,6,10,6,2,0.03947437135549514,0.1,4
3031,45,6,10,6,2,0.03947437135549514,0.2,4
3032,45,6,10,6,4,0.17033075612219273,0.3,4
3033,45,6,10,6,4,0.17033075612219134,0.4,4
3034,45,6,10,6,4,0.1703307561221922,0.5,4
3035,45,6,10,6,6,0.6768002103007231,1.0,4
3036,46,6,0,5,2,0.08223248513221626,0.1,4
3037,46,6,0,5,2,0.08223248513221626,0.2,4
3038,46,6,0,5,3,0.18597554673115677,0.3,4
3039,46,6,0,5,3,0.2744565109358068,0.4,4
3040,46,6,0,5,3,0.27445651093580686,0.5,4
3041,46,6,0,5,5,0.7334477711431887,1.0,4
3042,46,6,1,5,2,0.10272635935218238,0.1,4
3043,46,6,1,5,3,0.13863736188060896,0.2,4
3044,46,6,1,5,3,0.15190174490380992,0.3,4
3045,46,6,1,5,3,0.15190174490380992,0.4,4
3046,46,6,1,5,4,0.3261380792183238,0.5,4
3047,46,6,1,5,5,0.7027776518206524,1.0,4
3048,46,6,2,6,2,0.0003812544510325422,0.1,4
3049,46,6,2,6,2,0.0003812544510325422,0.2,4
3050,46,6,2,6,3,0.15190174490380992,0.3,4
3051,46,6,2,6,3,0.15190174490380984,0.4,4
3052,46,6,2,6,3,0.1519017449038098,0.5,4
3053,46,6,2,6,5,0.5470154259634902,1.0,4
3054,46,6,3,5,2,0.08925742481731314,0.1,4
3055,46,6,3,5,2,0.08925742481731314,0.2,4
3056,46,6,3,5,3,0.08410189265369192,0.3,4
3057,46,6,3,5,3,0.08410189265369172,0.4,4
3058,46,6,3,5,3,0.08410189265369172,0.5,4
3059,46,6,3,5,5,0.6951509584791047,1.0,4
3060,46,6,4,5,2,0.055019654589847145,0.1,4
3061,46,6,4,5,2,0.055019654589847145,0.2,4
3062,46,6,4,5,2,0.055019654589847145,0.3,4
3063,46,6,4,5,3,0.21866687872605153,0.4,4
3064,46,6,4,5,3,0.13391095474941878,0.5,4
3065,46,6,4,5,5,0.8653111762121588,1.0,4
3066,46,6,5,5,2,0.10272635935218238,0.1,4
3067,46,6,5,5,2,0.10272635935218238,0.2,4
3068,46,6,5,5,3,0.15190174490380992,0.3,4
3069,46,6,5,5,3,0.15190174490380992,0.4,4
3070,46,6,5,5,3,0.15190174490380995,0.5,4
3071,46,6,5,5,5,0.5470154259634901,1.0,4
3072,46,6,6,5,2,0.08925742481731314,0.1,4
3073,46,6,6,5,3,0.17146607517314771,0.2,4
3074,46,6,6,5,3,0.20773383290111436,0.3,4
3075,46,6,6,5,3,0.27445651093580686,0.4,4
3076,46,6,6,5,3,0.2744565109358068,0.5,4
3077,46,6,6,5,5,0.8318418947916754,1.0,4
3078,46,6,7,5,2,0.0003812544510325422,0.1,4
3079,46,6,7,5,2,0.0003812544510325422,0.2,4
3080,46,6,7,5,3,0.15190174490380992,0.3,4
3081,46,6,7,5,3,0.15190174490380984,0.4,4
3082,46,6,7,5,3,0.15190174490380984,0.5,4
3083,46,6,7,5,5,0.6933212433706453,1.0,4
3084,46,6,8,6,2,0.08223248513221626,0.1,4
3085,46,6,8,6,3,0.17146607517314785,0.2,4
3086,46,6,8,6,3,0.18597554673115674,0.3,4
3087,46,6,8,6,3,0.2744565109358071,0.4,4
3088,46,6,8,6,3,0.27445651093580686,0.5,4
3089,46,6,8,6,5,0.5704822391153165,1.0,4
3090,46,6,9,6,2,0.10272635935218238,0.1,4
3091,46,6,9,6,2,0.10272635935218238,0.2,4
3092,46,6,9,6,3,0.15190174490380992,0.3,4
3093,46,6,9,6,3,0.15190174490380992,0.4,4
3094,46,6,9,6,3,0.15190174490380992,0.5,4
3095,46,6,9,6,5,0.7027776518206521,1.0,4
3096,46,6,10,6,2,0.08925742481731314,0.1,4
3097,46,6,10,6,2,0.08925742481731314,0.2,4
3098,46,6,10,6,3,0.08410189265369192,0.3,4
3099,46,6,10,6,3,0.0841018926536917,0.4,4
3100,46,6,10,6,3,0.08410189265369172,0.5,4
3101,46,6,10,6,5,0.695150958479104,1.0,4
3102,47,6,0,5,2,0.022233383677374485,0.1,4
3103,47,6,0,5,3,0.1564819706374872,0.2,4
3104,47,6,0,5,3,0.15648197063748692,0.3,4
3105,47,6,0,5,3,0.15648197063748692,0.4,4
3106,47,6,0,5,3,0.13383233181124332,0.5,4
3107,47,6,0,5,4,0.7434616237667089,1.0,4
3108,47,6,1,5,2,0.053137855085022,0.1,4
3109,47,6,1,5,3,0.0807996684321684,0.2,4
3110,47,6,1,5,3,0.08079966843216839,0.3,4
3111,47,6,1,5,3,0.0807996684321684,0.4,4
3112,47,6,1,5,3,0.08079966843216839,0.5,4
3113,47,6,1,5,5,0.717963381245622,1.0,4
3114,47,6,2,6,2,0.10484712326062329,0.1,4
3115,47,6,2,6,3,0.0807996684321689,0.2,4
3116,47,6,2,6,3,0.14666411036886162,0.3,4
3117,47,6,2,6,3,0.14666411036886193,0.4,4
3118,47,6,2,6,3,0.14666411036886193,0.5,4
3119,47,6,2,6,5,0.72678243959538,1.0,4
3120,47,6,3,5,2,0.01520844399227761,0.1,4
3121,47,6,3,5,2,0.01520844399227761,0.2,4
3122,47,6,3,5,3,0.1564819706374871,0.3,4
3123,47,6,3,5,3,0.1564819706374871,0.4,4
3124,47,6,3,5,3,0.15648197063748714,0.5,4
3125,47,6,3,5,5,0.7179633812456219,1.0,4
3126,47,6,4,5,2,0.10484712326062329,0.1,4
3127,47,6,4,5,2,0.10484712326062329,0.2,4
3128,47,6,4,5,2,0.10484712326062329,0.3,4
3129,47,6,4,5,2,0.10484712326062329,0.4,4
3130,47,6,4,5,2,0.10484712326062329,0.5,4
3131,47,6,4,5,5,0.8806280158419156,1.0,4
3132,47,6,5,5,2,0.053137855085022,0.1,4
3133,47,6,5,5,3,0.08079966843216854,0.2,4
3134,47,6,5,5,3,0.08079966843216872,0.3,4
3135,47,6,5,5,3,0.08079966843216856,0.4,4
3136,47,6,5,5,3,0.08079966843216844,0.5,4
3137,47,6,5,5,5,0.8256811353615465,1.0,4
3138,47,6,6,5,2,0.01520844399227761,0.1,4
3139,47,6,6,5,2,0.01520844399227761,0.2,4
3140,47,6,6,5,2,0.01520844399227761,0.3,4
3141,47,6,6,5,3,0.16021371250212785,0.4,4
3142,47,6,6,5,3,0.22116690248102983,0.5,4
3143,47,6,6,5,4,0.49715579033938445,1.0,4
3144,47,6,7,5,2,0.10484712326062329,0.1,4
3145,47,6,7,5,3,0.0807996684321689,0.2,4
3146,47,6,7,5,3,0.1466641103688616,0.3,4
3147,47,6,7,5,3,0.14666411036886162,0.4,4
3148,47,6,7,5,3,0.14666411036886193,0.5,4
3149,47,6,7,5,5,0.7161087561837509,1.0,4
3150,47,6,8,6,2,0.022233383677374485,0.1,4
3151,47,6,8,6,2,0.022233383677374485,0.2,4
3152,47,6,8,6,2,0.022233383677374485,0.3,4
3153,47,6,8,6,3,0.16021371250212763,0.4,4
3154,47,6,8,6,3,0.1338323318112439,0.5,4
3155,47,6,8,6,5,0.8277952963969147,1.0,4
3156,47,6,9,6,2,0.053137855085022,0.1,4
3157,47,6,9,6,3,0.08079966843216874,0.2,4
3158,47,6,9,6,3,0.08079966843216843,0.3,4
3159,47,6,9,6,3,0.0807996684321684,0.4,4
3160,47,6,9,6,3,0.14535956025491148,0.5,4
3161,47,6,9,6,5,0.7272109374622422,1.0,4
3162,47,6,10,6,2,0.01520844399227761,0.1,4
3163,47,6,10,6,2,0.01520844399227761,0.2,4
3164,47,6,10,6,3,0.1564819706374871,0.3,4
3165,47,6,10,6,3,0.1564819706374871,0.4,4
3166,47,6,10,6,3,0.15648197063748695,0.5,4
3167,47,6,10,6,5,0.8277952963969148,1.0,4
3168,48,6,0,5,2,0.11784070001932567,0.1,4
3169,48,6,0,5,2,0.11784070001932567,0.2,4
3170,48,6,0,5,2,0.11784070001932567,0.3,4
3171,48,6,0,5,3,0.25401741648205406,0.4,4
3172,48,6,0,5,3,0.25401741648205406,0.5,4
3173,48,6,0,5,6,0.6939448631114362,1.0,4
3174,48,6,1,5,2,0.04246946125692913,0.1,4
3175,48,6,1,5,2,0.04246946125692913,0.2,4
3176,48,6,1,5,2,0.04246946125692913,0.3,4
3177,48,6,1,5,2,0.04246946125692913,0.4,4
3178,48,6,1,5,2,0.04246946125692913,0.5,4
3179,48,6,1,5,6,0.6401523746909022,1.0,4
3180,48,6,2,6,2,0.012328913193448643,0.1,4
3181,48,6,2,6,2,0.012328913193448643,0.2,4
3182,48,6,2,6,2,0.012328913193448643,0.3,4
3183,48,6,2,6,3,0.1324089392916441,0.4,4
3184,48,6,2,6,3,0.13240893929164418,0.5,4
3185,48,6,2,6,6,0.6921221241327364,1.0,4
3186,48,6,3,5,2,0.1108157603342288,0.1,4
3187,48,6,3,5,2,0.1108157603342288,0.2,4
3188,48,6,3,5,2,0.1108157603342288,0.3,4
3189,48,6,3,5,3,0.25401741648205406,0.4,4
3190,48,6,3,5,3,0.25401741648205406,0.5,4
3191,48,6,3,5,6,0.7752617751073166,1.0,4
3192,48,6,4,5,2,0.012328913193448643,0.1,4
3193,48,6,4,5,2,0.012328913193448643,0.2,4
3194,48,6,4,5,2,0.012328913193448643,0.3,4
3195,48,6,4,5,2,0.012328913193448643,0.4,4
3196,48,6,4,5,2,0.012328913193448643,0.5,4
3197,48,6,4,5,5,0.6061099287849826,1.0,4
3198,48,6,5,5,2,0.04246946125692913,0.1,4
3199,48,6,5,5,2,0.04246946125692913,0.2,4
3200,48,6,5,5,2,0.04246946125692913,0.3,4
3201,48,6,5,5,2,0.04246946125692913,0.4,4
3202,48,6,5,5,3,0.17706186064476506,0.5,4
3203,48,6,5,5,6,0.6921221241327369,1.0,4
3204,48,6,6,5,2,0.1108157603342288,0.1,4
3205,48,6,6,5,2,0.1108157603342288,0.2,4
3206,48,6,6,5,2,0.1108157603342288,0.3,4
3207,48,6,6,5,3,0.13240893929164402,0.4,4
3208,48,6,6,5,3,0.20757683465088697,0.5,4
3209,48,6,6,5,6,0.7752617751073159,1.0,4
3210,48,6,7,5,2,0.012328913193448643,0.1,4
3211,48,6,7,5,2,0.012328913193448643,0.2,4
3212,48,6,7,5,2,0.012328913193448643,0.3,4
3213,48,6,7,5,3,0.25401741648205406,0.4,4
3214,48,6,7,5,4,0.31524124151965516,0.5,4
3215,48,6,7,5,5,0.6061099287849826,1.0,4
3216,48,6,8,6,2,0.11784070001932567,0.1,4
3217,48,6,8,6,2,0.11784070001932567,0.2,4
3218,48,6,8,6,2,0.11784070001932567,0.3,4
3219,48,6,8,6,3,0.13240893929164407,0.4,4
3220,48,6,8,6,3,0.13240893929164407,0.5,4
3221,48,6,8,6,6,0.8251555284376957,1.0,4
3222,48,6,9,6,2,0.04246946125692913,0.1,4
3223,48,6,9,6,2,0.04246946125692913,0.2,4
3224,48,6,9,6,2,0.04246946125692913,0.3,4
3225,48,6,9,6,3,0.254017416482054,0.4,4
3226,48,6,9,6,4,0.3152412415196549,0.5,4
3227,48,6,9,6,6,0.6921221241327369,1.0,4
3228,48,6,10,6,2,0.1108157603342288,0.1,4
3229,48,6,10,6,2,0.1108157603342288,0.2,4
3230,48,6,10,6,2,0.1108157603342288,0.3,4
3231,48,6,10,6,3,0.25401741648205406,0.4,4
3232,48,6,10,6,4,0.31524124151965505,0.5,4
3233,48,6,10,6,6,0.7752617751073162,1.0,4
3234,49,6,0,5,2,0.027355120589785842,0.1,4
3235,49,6,0,5,2,0.027355120589785842,0.2,4
3236,49,6,0,5,4,0.17033075612219142,0.3,4
3237,49,6,0,5,4,0.17033075612219142,0.4,4
3238,49,6,0,5,4,0.17033075612219042,0.5,4
3239,49,6,0,5,5,0.8145166283611268,1.0,4
3240,49,6,1,5,2,0.10272635935218238,0.1,4
3241,49,6,1,5,3,0.10603839780258308,0.2,4
3242,49,6,1,5,3,0.15190174490380992,0.3,4
3243,49,6,1,5,4,0.28055023010968266,0.4,4
3244,49,6,1,5,4,0.28055023010968244,0.5,4
3245,49,6,1,5,4,0.5297465515162119,1.0,4
3246,49,6,2,6,3,0.033393337561753667,0.1,4
3247,49,6,2,6,3,0.1060383978025833,0.2,4
3248,49,6,2,6,4,0.18413121666566443,0.3,4
3249,49,6,2,6,4,0.18413121666566437,0.4,4
3250,49,6,2,6,4,0.18413121666566443,0.5,4
3251,49,6,2,6,6,0.8336529474108771,1.0,4
3252,49,6,3,5,2,0.03438006027488272,0.1,4
3253,49,6,3,5,2,0.03438006027488272,0.2,4
3254,49,6,3,5,3,0.15648197063748695,0.3,4
3255,49,6,3,5,3,0.15648197063748706,0.4,4
3256,49,6,3,5,3,0.2797244574781731,0.5,4
3257,49,6,3,5,6,0.8620167046711099,1.0,4
3258,49,6,4,5,2,0.05525861899346296,0.1,4
3259,49,6,4,5,2,0.05525861899346296,0.2,4
3260,49,6,4,5,2,0.05525861899346296,0.3,4
3261,49,6,4,5,3,0.17174463384618938,0.4,4
3262,49,6,4,5,3,0.31877343118058493,0.5,4
3263,49,6,4,5,6,0.7396173234369234,1.0,4
3264,49,6,5,5,2,0.10272635935218238,0.1,4
3265,49,6,5,5,3,0.10603839780258308,0.2,4
3266,49,6,5,5,4,0.18413121666566462,0.3,4
3267,49,6,5,5,4,0.18413121666566437,0.4,4
3268,49,6,5,5,4,0.18413121666566443,0.5,4
3269,49,6,5,5,5,0.49751831940677516,1.0,4
3270,49,6,6,5,2,0.03438006027488272,0.1,4
3271,49,6,6,5,3,0.17146607517314766,0.2,4
3272,49,6,6,5,3,0.17724300339680918,0.3,4
3273,49,6,6,5,3,0.17724300339680918,0.4,4
3274,49,6,6,5,4,0.3072639625287204,0.5,4
3275,49,6,6,5,6,0.8292779346370683,1.0,4
3276,49,6,7,5,2,0.05525861899346296,0.1,4
3277,49,6,7,5,3,0.10603839780258308,0.2,4
3278,49,6,7,5,4,0.18413121666566434,0.3,4
3279,49,6,7,5,4,0.1841312166656645,0.4,4
3280,49,6,7,5,4,0.18413121666566443,0.5,4
3281,49,6,7,5,6,0.7439957568936868,1.0,4
3282,49,6,8,6,2,0.027355120589785842,0.1,4
3283,49,6,8,6,3,0.17146607517314766,0.2,4
3284,49,6,8,6,3,0.14161781832326237,0.3,4
3285,49,6,8,6,3,0.14161781832326237,0.4,4
3286,49,6,8,6,4,0.30726396252871996,0.5,4
3287,49,6,8,6,6,0.7523923644225204,1.0,4
3288,49,6,9,6,2,0.10272635935218238,0.1,4
3289,49,6,9,6,3,0.1060383978025833,0.2,4
3290,49,6,9,6,4,0.18413121666566437,0.3,4
3291,49,6,9,6,4,0.2805502301096827,0.4,4
3292,49,6,9,6,4,0.28055023010968255,0.5,4
3293,49,6,9,6,6,0.7439957568936862,1.0,4
3294,49,6,10,6,2,0.03438006027488272,0.1,4
3295,49,6,10,6,2,0.03438006027488272,0.2,4
3296,49,6,10,6,4,0.17033075612219184,0.3,4
3297,49,6,10,6,4,0.17033075612219123,0.4,4
3298,49,6,10,6,4,0.17033075612219176,0.5,4
3299,49,6,10,6,6,0.7439957568936866,1.0,4
3300,50,6,0,5,2,0.027355120589785842,0.1,4
3301,50,6,0,5,3,0.14896436720565637,0.2,4
3302,50,6,0,5,3,0.18597554673115674,0.3,4
3303,50,6,0,5,3,0.1700302288800009,0.4,4
3304,50,6,0,5,4,0.33352004389130807,0.5,4
3305,50,6,0,5,6,0.837624752964304,1.0,4
3306,50,6,1,5,2,0.10272635935218238,0.1,4
3307,50,6,1,5,3,0.1060383978025832,0.2,4
3308,50,6,1,5,3,0.15190174490380992,0.3,4
3309,50,6,1,5,4,0.2805502301096825,0.4,4
3310,50,6,1,5,4,0.28055023010968255,0.5,4
3311,50,6,1,5,5,0.9402195821198809,1.0,4
3312,50,6,2,6,2,0.05525861899346296,0.1,4
3313,50,6,2,6,3,0.10603839780258308,0.2,4
3314,50,6,2,6,3,0.11114446429740979,0.3,4
3315,50,6,2,6,3,0.11114446429740979,0.4,4
3316,50,6,2,6,3,0.1111444642974096,0.5,4
3317,50,6,2,6,6,0.7466263627167995,1.0,4
3318,50,6,3,5,2,0.03438006027488272,0.1,4
3319,50,6,3,5,2,0.03438006027488272,0.2,4
3320,50,6,3,5,3,0.08410189265369175,0.3,4
3321,50,6,3,5,3,0.08410189265369172,0.4,4
3322,50,6,3,5,4,0.3335200438913081,0.5,4
3323,50,6,3,5,6,0.8376247529643043,1.0,4
3324,50,6,4,5,2,0.055019654589847145,0.1,4
3325,50,6,4,5,2,0.055019654589847145,0.2,4
3326,50,6,4,5,2,0.055019654589847145,0.3,4
3327,50,6,4,5,3,0.21866687872605156,0.4,4
3328,50,6,4,5,3,0.13391095474941875,0.5,4
3329,50,6,4,5,6,0.8989192224170229,1.0,4
3330,50,6,5,5,2,0.10272635935218238,0.1,4
3331,50,6,5,5,3,0.1060383978025832,0.2,4
3332,50,6,5,5,3,0.15190174490380992,0.3,4
3333,50,6,5,5,3,0.15190174490380992,0.4,4
3334,50,6,5,5,3,0.15190174490380992,0.5,4
3335,50,6,5,5,6,0.7466263627167995,1.0,4
3336,50,6,6,5,2,0.03438006027488272,0.1,4
3337,50,6,6,5,3,0.1714660751731477,0.2,4
3338,50,6,6,5,3,0.17724300339680935,0.3,4
3339,50,6,6,5,3,0.17352182366091443,0.4,4
3340,50,6,6,5,4,0.3769136241841592,0.5,4
3341,50,6,6,5,6,0.8384174743742693,1.0,4
3342,50,6,7,5,2,0.05525861899346296,0.1,4
3343,50,6,7,5,3,0.10603839780258308,0.2,4
3344,50,6,7,5,3,0.11114446429740966,0.3,4
3345,50,6,7,5,4,0.28055023010968266,0.4,4
3346,50,6,7,5,4,0.28055023010968255,0.5,4
3347,50,6,7,5,6,0.9590972440749637,1.0,4
3348,50,6,8,6,2,0.027355120589785842,0.1,4
3349,50,6,8,6,3,0.17146607517314771,0.2,4
3350,50,6,8,6,3,0.18597554673115674,0.3,4
3351,50,6,8,6,3,0.17352182366091443,0.4,4
3352,50,6,8,6,4,0.3769136241841593,0.5,4
3353,50,6,8,6,6,0.7637470096458995,1.0,4
3354,50,6,9,6,2,0.10272635935218238,0.1,4
3355,50,6,9,6,3,0.10603839780258308,0.2,4
3356,50,6,9,6,3,0.15190174490380992,0.3,4
3357,50,6,9,6,4,0.28055023010968255,0.4,4
3358,50,6,9,6,4,0.28055023010968255,0.5,4
3359,50,6,9,6,6,0.9590972440749639,1.0,4
3360,50,6,10,6,2,0.03438006027488272,0.1,4
3361,50,6,10,6,2,0.03438006027488272,0.2,4
3362,50,6,10,6,3,0.08410189265369172,0.3,4
3363,50,6,10,6,3,0.08410189265369172,0.4,4
3364,50,6,10,6,4,0.33352004389130774,0.5,4
3365,50,6,10,6,6,0.7125122768106106,1.0,4
3366,51,7,0,5,2,0.06517233416225099,0.1,4
3367,51,7,0,5,2,0.06517233416225099,0.2,4
3368,51,7,0,5,3,0.1740144104569424,0.3,4
3369,51,7,0,5,3,0.17401441045694244,0.4,4
3370,51,7,0,5,3,0.14829791346545884,0.5,4
3371,51,7,0,5,5,0.6006138090698704,1.0,4
3372,51,7,1,5,2,0.03439817405344736,0.1,4
3373,51,7,1,5,2,0.14054357292464753,0.2,4
3374,51,7,1,5,3,0.07290375711085256,0.3,4
3375,51,7,1,5,3,0.20618970634843248,0.4,4
3376,51,7,1,5,3,0.20618970634843248,0.5,4
3377,51,7,1,5,6,0.7817928779985438,1.0,4
3378,51,7,2,6,2,0.017441405420997813,0.1,4
3379,51,7,2,6,2,0.017441405420997813,0.2,4
3380,51,7,2,6,3,0.07290375711085256,0.3,4
3381,51,7,2,6,3,0.1304242055923083,0.4,4
3382,51,7,2,6,4,0.25266489530224967,0.5,4
3383,51,7,2,6,6,0.7817928779985447,1.0,4
3384,51,7,3,5,2,0.07219727384734786,0.1,4
3385,51,7,3,5,2,0.07219727384734786,0.2,4
3386,51,7,3,5,3,0.17401441045694255,0.3,4
3387,51,7,3,5,3,0.17401441045694255,0.4,4
3388,51,7,3,5,3,0.1740144104569424,0.5,4
3389,51,7,3,5,5,0.5674321938735498,1.0,4
3390,51,7,4,5,2,0.017441405420997813,0.1,4
3391,51,7,4,5,2,0.017441405420997813,0.2,4
3392,51,7,4,5,2,0.017441405420997813,0.3,4
3393,51,7,4,5,2,0.017441405420997813,0.4,4
3394,51,7,4,5,3,0.16365738761500004,0.5,4
3395,51,7,4,5,5,0.9048890003367693,1.0,4
3396,51,7,5,5,2,0.03439817405344736,0.1,4
3397,51,7,5,5,2,0.14054357292464753,0.2,4
3398,51,7,5,5,3,0.07290375711085269,0.3,4
3399,51,7,5,5,3,0.20618970634843226,0.4,4
3400,51,7,5,5,4,0.2526648953022498,0.5,4
3401,51,7,5,5,5,0.6088799641023732,1.0,4
3402,51,7,6,5,2,0.07219727384734786,0.1,4
3403,51,7,6,5,2,0.07219727384734786,0.2,4
3404,51,7,6,5,3,0.1740144104569424,0.3,4
3405,51,7,6,5,3,0.17401441045694255,0.4,4
3406,51,7,6,5,3,0.17401441045694255,0.5,4
3407,51,7,6,5,5,0.4938153551310242,1.0,4
3408,51,7,7,5,2,0.017441405420997813,0.1,4
3409,51,7,7,5,2,0.017441405420997813,0.2,4
3410,51,7,7,5,3,0.07290375711085256,0.3,4
3411,51,7,7,5,3,0.1304242055923083,0.4,4
3412,51,7,7,5,3,0.0729037571108526,0.5,4
3413,51,7,7,5,4,0.5477175509540981,1.0,4
3414,51,7,8,6,2,0.06517233416225099,0.1,4
3415,51,7,8,6,2,0.06517233416225099,0.2,4
3416,51,7,8,6,3,0.16002471096435691,0.3,4
3417,51,7,8,6,3,0.16002471096435744,0.4,4
3418,51,7,8,6,3,0.1600247109643568,0.5,4
3419,51,7,8,6,5,0.6307966305870829,1.0,4
3420,51,7,9,6,2,0.03439817405344736,0.1,4
3421,51,7,9,6,2,0.14054357292464753,0.2,4
3422,51,7,9,6,3,0.07290375711085267,0.3,4
3423,51,7,9,6,3,0.20618970634843226,0.4,4
3424,51,7,9,6,4,0.2526648953022496,0.5,4
3425,51,7,9,6,4,0.5818508166089987,1.0,4
3426,51,7,10,6,2,0.07219727384734786,0.1,4
3427,51,7,10,6,2,0.07219727384734786,0.2,4
3428,51,7,10,6,3,0.17401441045694255,0.3,4
3429,51,7,10,6,3,0.17401441045694255,0.4,4
3430,51,7,10,6,3,0.17401441045694235,0.5,4
3431,51,7,10,6,5,0.5709325438090183,1.0,4
3432,52,7,0,5,2,0.12314616795856992,0.1,4
3433,52,7,0,5,2,0.12314616795856992,0.2,4
3434,52,7,0,5,2,0.12314616795856992,0.3,4
3435,52,7,0,5,3,0.09919690976856198,0.4,4
3436,52,7,0,5,3,0.09919690976856195,0.5,4
3437,52,7,0,5,5,0.6777933452926503,1.0,4
3438,52,7,1,5,2,0.04777492919617343,0.1,4
3439,52,7,1,5,2,0.04777492919617343,0.2,4
3440,52,7,1,5,2,0.04777492919617343,0.3,4
3441,52,7,1,5,3,0.1636573876150001,0.4,4
3442,52,7,1,5,3,0.1636573876150002,0.5,4
3443,52,7,1,5,6,0.8175947249443024,1.0,4
3444,52,7,2,6,2,0.012328913193448643,0.1,4
3445,52,7,2,6,2,0.012328913193448643,0.2,4
3446,52,7,2,6,2,0.012328913193448643,0.3,4
3447,52,7,2,6,2,0.012328913193448643,0.4,4
3448,52,7,2,6,2,0.012328913193448643,0.5,4
3449,52,7,2,6,6,0.6347859796087298,1.0,4
3450,52,7,3,5,2,0.11612122827347304,0.1,4
3451,52,7,3,5,2,0.11612122827347304,0.2,4
3452,52,7,3,5,2,0.11612122827347304,0.3,4
3453,52,7,3,5,3,0.09919690976856185,0.4,4
3454,52,7,3,5,3,0.09919690976856187,0.5,4
3455,52,7,3,5,6,0.8175947249443024,1.0,4
3456,52,7,4,5,2,0.012328913193448643,0.1,4
3457,52,7,4,5,2,0.012328913193448643,0.2,4
3458,52,7,4,5,2,0.012328913193448643,0.3,4
3459,52,7,4,5,3,0.16365738761500012,0.4,4
3460,52,7,4,5,3,0.16365738761500004,0.5,4
3461,52,7,4,5,6,0.6083624111418675,1.0,4
3462,52,7,5,5,2,0.04777492919617343,0.1,4
3463,52,7,5,5,2,0.04777492919617343,0.2,4
3464,52,7,5,5,2,0.04777492919617343,0.3,4
3465,52,7,5,5,2,0.04777492919617343,0.4,4
3466,52,7,5,5,3,0.1770618606447653,0.5,4
3467,52,7,5,5,6,0.6347859796087304,1.0,4
3468,52,7,6,5,2,0.11612122827347304,0.1,4
3469,52,7,6,5,2,0.11612122827347304,0.2,4
3470,52,7,6,5,3,0.0850378671690003,0.3,4
3471,52,7,6,5,3,0.22718059491084275,0.4,4
3472,52,7,6,5,3,0.22718059491084278,0.5,4
3473,52,7,6,5,6,0.8509984144070719,1.0,4
3474,52,7,7,5,2,0.012328913193448643,0.1,4
3475,52,7,7,5,2,0.012328913193448643,0.2,4
3476,52,7,7,5,3,0.08503786716900028,0.3,4
3477,52,7,7,5,3,0.22718059491084278,0.4,4
3478,52,7,7,5,3,0.22718059491084275,0.5,4
3479,52,7,7,5,7,0.8310404657950946,1.0,4
3480,52,7,8,6,2,0.12314616795856992,0.1,4
3481,52,7,8,6,2,0.12314616795856992,0.2,4
3482,52,7,8,6,3,0.08503786716900036,0.3,4
3483,52,7,8,6,3,0.22718059491084275,0.4,4
3484,52,7,8,6,3,0.22718059491084278,0.5,4
3485,52,7,8,6,6,0.7305278798910707,1.0,4
3486,52,7,9,6,2,0.04777492919617343,0.1,4
3487,52,7,9,6,2,0.04777492919617343,0.2,4
3488,52,7,9,6,3,0.08503786716900036,0.3,4
3489,52,7,9,6,3,0.22718059491084272,0.4,4
3490,52,7,9,6,3,0.22718059491084258,0.5,4
3491,52,7,9,6,7,0.8310404657950953,1.0,4
3492,52,7,10,6,2,0.11612122827347304,0.1,4
3493,52,7,10,6,2,0.11612122827347304,0.2,4
3494,52,7,10,6,3,0.08503786716900028,0.3,4
3495,52,7,10,6,3,0.2271805949108424,0.4,4
3496,52,7,10,6,3,0.22718059491084241,0.5,4
3497,52,7,10,6,6,0.5983513377808474,1.0,4
3498,53,5,0,5,2,0.11389771043752661,0.1,4
3499,53,5,0,5,2,0.11389771043752661,0.2,4
3500,53,5,0,5,2,0.11389771043752661,0.3,4
3501,53,5,0,5,3,0.18725166019469666,0.4,4
3502,53,5,0,5,3,0.1872516601946967,0.5,4
3503,53,5,0,5,5,0.6203920940254062,1.0,4
3504,53,5,1,5,2,0.09202091474487883,0.1,4
3505,53,5,1,5,2,0.09202091474487883,0.2,4
3506,53,5,1,5,2,0.09202091474487883,0.3,4
3507,53,5,1,5,2,0.09202091474487883,0.4,4
3508,53,5,1,5,3,0.15206372667881354,0.5,4
3509,53,5,1,5,5,0.6398401931351453,1.0,4
3510,53,5,2,6,2,0.09202091474487883,0.1,4
3511,53,5,2,6,2,0.09202091474487883,0.2,4
3512,53,5,2,6,2,0.09202091474487883,0.3,4
3513,53,5,2,6,2,0.09202091474487883,0.4,4
3514,53,5,2,6,3,0.15206372667881357,0.5,4
3515,53,5,2,6,5,0.6411829685872492,1.0,4
3516,53,5,3,5,2,0.10687277075242974,0.1,4
3517,53,5,3,5,2,0.10687277075242974,0.2,4
3518,53,5,3,5,2,0.10687277075242974,0.3,4
3519,53,5,3,5,3,0.18725166019469683,0.4,4
3520,53,5,3,5,3,0.20296746461886875,0.5,4
3521,53,5,3,5,5,0.7459410005406404,1.0,4
3522,53,5,4,5,0,inf,0.1,4
3523,53,5,4,5,0,inf,0.2,4
3524,53,5,4,5,0,inf,0.3,4
3525,53,5,4,5,0,inf,0.4,4
3526,53,5,4,5,0,inf,0.5,4
3527,53,5,4,5,0,inf,1.0,4
3528,53,5,5,5,2,0.09202091474487883,0.1,4
3529,53,5,5,5,2,0.09202091474487883,0.2,4
3530,53,5,5,5,2,0.09202091474487883,0.3,4
3531,53,5,5,5,2,0.09202091474487883,0.4,4
3532,53,5,5,5,3,0.15206372667881357,0.5,4
3533,53,5,5,5,5,0.6398401931351455,1.0,4
3534,53,5,6,5,2,0.10687277075242974,0.1,4
3535,53,5,6,5,2,0.10687277075242974,0.2,4
3536,53,5,6,5,2,0.10687277075242974,0.3,4
3537,53,5,6,5,3,0.18725166019469677,0.4,4
3538,53,5,6,5,3,0.1872516601946967,0.5,4
3539,53,5,6,5,5,0.8458636519752283,1.0,4
3540,53,5,7,5,2,0.09202091474487883,0.1,4
3541,53,5,7,5,2,0.09202091474487883,0.2,4
3542,53,5,7,5,2,0.09202091474487883,0.3,4
3543,53,5,7,5,2,0.09202091474487883,0.4,4
3544,53,5,7,5,3,0.15206372667881354,0.5,4
3545,53,5,7,5,5,0.6203920940254062,1.0,4
3546,53,5,8,6,2,0.11389771043752661,0.1,4
3547,53,5,8,6,2,0.11389771043752661,0.2,4
3548,53,5,8,6,2,0.11389771043752661,0.3,4
3549,53,5,8,6,3,0.1872516601946966,0.4,4
3550,53,5,8,6,3,0.1324089392916442,0.5,4
3551,53,5,8,6,5,0.7494315611669946,1.0,4
3552,53,5,9,6,2,0.09202091474487883,0.1,4
3553,53,5,9,6,2,0.09202091474487883,0.2,4
3554,53,5,9,6,2,0.09202091474487883,0.3,4
3555,53,5,9,6,2,0.09202091474487883,0.4,4
3556,53,5,9,6,3,0.15206372667881357,0.5,4
3557,53,5,9,6,5,0.6398401931351455,1.0,4
3558,53,5,10,6,2,0.10687277075242974,0.1,4
3559,53,5,10,6,2,0.10687277075242974,0.2,4
3560,53,5,10,6,2,0.10687277075242974,0.3,4
3561,53,5,10,6,3,0.1872516601946968,0.4,4
3562,53,5,10,6,3,0.20296746461886842,0.5,4
3563,53,5,10,6,5,0.6072801010468797,1.0,4
3564,54,7,0,5,2,0.11784070001932567,0.1,4
3565,54,7,0,5,2,0.160167535422712,0.2,4
3566,54,7,0,5,2,0.160167535422712,0.3,4
3567,54,7,0,5,3,0.25401741648205406,0.4,4
3568,54,7,0,5,3,0.25401741648205406,0.5,4
3569,54,7,0,5,6,0.6939448631114358,1.0,4
3570,54,7,1,5,2,0.08479629666031546,0.1,4
3571,54,7,1,5,2,0.08479629666031546,0.2,4
3572,54,7,1,5,2,0.08479629666031546,0.3,4
3573,54,7,1,5,2,0.08479629666031546,0.4,4
3574,54,7,1,5,2,0.08479629666031546,0.5,4
3575,54,7,1,5,6,0.7175096158829711,1.0,4
3576,54,7,2,6,2,0.012328913193448643,0.1,4
3577,54,7,2,6,2,0.012328913193448643,0.2,4
3578,54,7,2,6,2,0.012328913193448643,0.3,4
3579,54,7,2,6,2,0.012328913193448643,0.4,4
3580,54,7,2,6,3,0.13240893929164407,0.5,4
3581,54,7,2,6,7,0.7284671514626591,1.0,4
3582,54,7,3,5,2,0.1108157603342288,0.1,4
3583,54,7,3,5,2,0.15314259573761513,0.2,4
3584,54,7,3,5,2,0.15314259573761513,0.3,4
3585,54,7,3,5,3,0.25401741648205406,0.4,4
3586,54,7,3,5,3,0.25401741648205406,0.5,4
3587,54,7,3,5,6,0.7752617751073162,1.0,4
3588,54,7,4,5,2,0.012328913193448643,0.1,4
3589,54,7,4,5,2,0.012328913193448643,0.2,4
3590,54,7,4,5,2,0.012328913193448643,0.3,4
3591,54,7,4,5,2,0.012328913193448643,0.4,4
3592,54,7,4,5,2,0.012328913193448643,0.5,4
3593,54,7,4,5,5,0.6061099287849829,1.0,4
3594,54,7,5,5,2,0.08479629666031546,0.1,4
3595,54,7,5,5,2,0.08479629666031546,0.2,4
3596,54,7,5,5,2,0.08479629666031546,0.3,4
3597,54,7,5,5,2,0.08479629666031546,0.4,4
3598,54,7,5,5,3,0.1770618606447651,0.5,4
3599,54,7,5,5,7,0.7284671514626588,1.0,4
3600,54,7,6,5,2,0.1108157603342288,0.1,4
3601,54,7,6,5,2,0.15314259573761513,0.2,4
3602,54,7,6,5,2,0.15314259573761513,0.3,4
3603,54,7,6,5,3,0.22718059491084258,0.4,4
3604,54,7,6,5,3,0.1699174270662935,0.5,4
3605,54,7,6,5,7,0.7898441141516785,1.0,4
3606,54,7,7,5,2,0.012328913193448643,0.1,4
3607,54,7,7,5,2,0.012328913193448643,0.2,4
3608,54,7,7,5,2,0.012328913193448643,0.3,4
3609,54,7,7,5,3,0.25401741648205406,0.4,4
3610,54,7,7,5,4,0.31524124151965555,0.5,4
3611,54,7,7,5,7,0.7284671514626596,1.0,4
3612,54,7,8,6,2,0.11784070001932567,0.1,4
3613,54,7,8,6,2,0.160167535422712,0.2,4
3614,54,7,8,6,2,0.160167535422712,0.3,4
3615,54,7,8,6,3,0.22718059491084278,0.4,4
3616,54,7,8,6,3,0.13240893929164418,0.5,4
3617,54,7,8,6,7,0.8586897510916748,1.0,4
3618,54,7,9,6,2,0.08479629666031546,0.1,4
3619,54,7,9,6,2,0.08479629666031546,0.2,4
3620,54,7,9,6,2,0.08479629666031546,0.3,4
3621,54,7,9,6,3,0.254017416482054,0.4,4
3622,54,7,9,6,4,0.3152412415196552,0.5,4
3623,54,7,9,6,7,0.7284671514626588,1.0,4
3624,54,7,10,6,2,0.1108157603342288,0.1,4
3625,54,7,10,6,2,0.15314259573761513,0.2,4
3626,54,7,10,6,2,0.15314259573761513,0.3,4
3627,54,7,10,6,3,0.25401741648205406,0.4,4
3628,54,7,10,6,4,0.3152412415196551,0.5,4
3629,54,7,10,6,7,0.674736146427693,1.0,4
3630,55,7,0,5,2,0.05367153006679837,0.1,4
3631,55,7,0,5,2,0.05367153006679837,0.2,4
3632,55,7,0,5,3,0.0841018926536917,0.3,4
3633,55,7,0,5,3,0.17003022888000113,0.4,4
3634,55,7,0,5,4,0.33352004389130824,0.5,4
3635,55,7,0,5,6,0.8100573667459836,1.0,4
3636,55,7,1,5,2,0.1290427688291949,0.1,4
3637,55,7,1,5,3,0.1060383978025832,0.2,4
3638,55,7,1,5,3,0.13050223578749795,0.3,4
3639,55,7,1,5,3,0.13050223578749795,0.4,4
3640,55,7,1,5,3,0.13050223578749798,0.5,4
3641,55,7,1,5,6,0.7393604077556204,1.0,4
3642,55,7,2,6,2,0.028942209516450434,0.1,4
3643,55,7,2,6,3,0.1060383978025832,0.2,4
3644,55,7,2,6,3,0.11114446429740979,0.3,4
3645,55,7,2,6,3,0.1519017449038098,0.4,4
3646,55,7,2,6,3,0.1519017449038098,0.5,4
3647,55,7,2,6,6,0.8084101858302328,1.0,4
3648,55,7,3,5,2,0.06069646975189524,0.1,4
3649,55,7,3,5,2,0.06069646975189524,0.2,4
3650,55,7,3,5,3,0.08410189265369172,0.3,4
3651,55,7,3,5,3,0.0841018926536917,0.4,4
3652,55,7,3,5,4,0.33352004389130807,0.5,4
3653,55,7,3,5,6,0.7439459959245383,1.0,4
3654,55,7,4,5,2,0.1166399242839935,0.1,4
3655,55,7,4,5,2,0.1166399242839935,0.2,4
3656,55,7,4,5,2,0.1166399242839935,0.3,4
3657,55,7,4,5,2,0.1166399242839935,0.4,4
3658,55,7,4,5,3,0.35452554828510685,0.5,4
3659,55,7,4,5,6,0.8619665317083032,1.0,4
3660,55,7,5,5,2,0.1290427688291949,0.1,4
3661,55,7,5,5,3,0.10603839780258308,0.2,4
3662,55,7,5,5,3,0.15190174490380998,0.3,4
3663,55,7,5,5,3,0.15190174490380995,0.4,4
3664,55,7,5,5,3,0.15190174490380992,0.5,4
3665,55,7,5,5,7,0.8578731452007493,1.0,4
3666,55,7,6,5,2,0.06069646975189524,0.1,4
3667,55,7,6,5,2,0.06069646975189524,0.2,4
3668,55,7,6,5,3,0.17724300339680918,0.3,4
3669,55,7,6,5,3,0.25736902566017605,0.4,4
3670,55,7,6,5,3,0.25736902566017567,0.5,4
3671,55,7,6,5,6,0.8515563742357606,1.0,4
3672,55,7,7,5,2,0.028942209516450434,0.1,4
3673,55,7,7,5,3,0.10603839780258324,0.2,4
3674,55,7,7,5,3,0.11114446429740961,0.3,4
3675,55,7,7,5,3,0.15190174490380984,0.4,4
3676,55,7,7,5,3,0.1519017449038098,0.5,4
3677,55,7,7,5,5,0.6787454336689368,1.0,4
3678,55,7,8,6,2,0.05367153006679837,0.1,4
3679,55,7,8,6,2,0.05367153006679837,0.2,4
3680,55,7,8,6,3,0.17724300339680926,0.3,4
3681,55,7,8,6,3,0.1735218236609147,0.4,4
3682,55,7,8,6,4,0.3788682243048717,0.5,4
3683,55,7,8,6,6,0.7363737234347357,1.0,4
3684,55,7,9,6,2,0.1290427688291949,0.1,4
3685,55,7,9,6,3,0.10603839780258345,0.2,4
3686,55,7,9,6,3,0.13050223578749792,0.3,4
3687,55,7,9,6,3,0.13050223578749795,0.4,4
3688,55,7,9,6,3,0.1305022357874981,0.5,4
3689,55,7,9,6,7,0.8777708776034201,1.0,4
3690,55,7,10,6,2,0.06069646975189524,0.1,4
3691,55,7,10,6,2,0.06069646975189524,0.2,4
3692,55,7,10,6,3,0.08410189265369175,0.3,4
3693,55,7,10,6,3,0.2573690256601764,0.4,4
3694,55,7,10,6,4,0.3335200438913078,0.5,4
3695,55,7,10,6,6,0.9574472086203271,1.0,4
3696,56,7,0,5,2,0.06600546540195407,0.1,4
3697,56,7,0,5,3,0.09943914206060767,0.2,4
3698,56,7,0,5,3,0.09943914206060768,0.3,4
3699,56,7,0,5,3,0.09943914206060764,0.4,4
3700,56,7,0,5,3,0.1338323318112439,0.5,4
3701,56,7,0,5,6,0.6562860431991949,1.0,4
3702,56,7,1,5,2,0.009365773360442475,0.1,4
3703,56,7,1,5,2,0.009365773360442475,0.2,4
3704,56,7,1,5,2,0.009365773360442475,0.3,4
3705,56,7,1,5,3,0.13042420559230827,0.4,4
3706,56,7,1,5,3,0.1304242055923083,0.5,4
3707,56,7,1,5,6,0.9215616326160718,1.0,4
3708,56,7,2,6,2,0.009365773360442475,0.1,4
3709,56,7,2,6,3,0.12559879038341473,0.2,4
3710,56,7,2,6,3,0.1255987903834147,0.3,4
3711,56,7,2,6,3,0.1304242055923083,0.4,4
3712,56,7,2,6,4,0.2859549133710168,0.5,4
3713,56,7,2,6,6,0.6956110772082824,1.0,4
3714,56,7,3,5,2,0.05898052571685719,0.1,4
3715,56,7,3,5,2,0.05898052571685719,0.2,4
3716,56,7,3,5,3,0.13671456721644643,0.3,4
3717,56,7,3,5,3,0.11890851302090913,0.4,4
3718,56,7,3,5,3,0.1189085130209098,0.5,4
3719,56,7,3,5,6,0.7332911136836023,1.0,4
3720,56,7,4,5,2,0.13152927727675712,0.1,4
3721,56,7,4,5,3,0.12559879038341482,0.2,4
3722,56,7,4,5,3,0.12559879038341482,0.3,4
3723,56,7,4,5,3,0.12559879038341465,0.4,4
3724,56,7,4,5,3,0.12559879038341473,0.5,4
3725,56,7,4,5,6,0.6913033790433512,1.0,4
3726,56,7,5,5,2,0.009365773360442475,0.1,4
3727,56,7,5,5,3,0.12559879038341482,0.2,4
3728,56,7,5,5,3,0.12559879038341465,0.3,4
3729,56,7,5,5,3,0.13042420559230822,0.4,4
3730,56,7,5,5,3,0.11796960661245381,0.5,4
3731,56,7,5,5,6,0.6956110772082825,1.0,4
3732,56,7,6,5,2,0.05898052571685719,0.1,4
3733,56,7,6,5,2,0.05898052571685719,0.2,4
3734,56,7,6,5,3,0.13671456721644698,0.3,4
3735,56,7,6,5,3,0.11890851302090986,0.4,4
3736,56,7,6,5,3,0.2726173018085444,0.5,4
3737,56,7,6,5,6,0.7061763094501011,1.0,4
3738,56,7,7,5,2,0.009365773360442475,0.1,4
3739,56,7,7,5,2,0.14861920498520287,0.2,4
3740,56,7,7,5,2,0.14861920498520287,0.3,4
3741,56,7,7,5,4,0.20759239901833407,0.4,4
3742,56,7,7,5,4,0.20759239901833415,0.5,4
3743,56,7,7,5,6,0.6352085849139206,1.0,4
3744,56,7,8,6,2,0.06600546540195407,0.1,4
3745,56,7,8,6,3,0.09943914206060768,0.2,4
3746,56,7,8,6,3,0.09943914206060767,0.3,4
3747,56,7,8,6,3,0.09943914206060764,0.4,4
3748,56,7,8,6,3,0.1338323318112439,0.5,4
3749,56,7,8,6,6,0.6831930288540775,1.0,4
3750,56,7,9,6,2,0.009365773360442475,0.1,4
3751,56,7,9,6,3,0.1255987903834147,0.2,4
3752,56,7,9,6,3,0.12559879038341465,0.3,4
3753,56,7,9,6,4,0.20759239901833412,0.4,4
3754,56,7,9,6,4,0.20759239901833376,0.5,4
3755,56,7,9,6,6,0.695611077208283,1.0,4
3756,56,7,10,6,2,0.05898052571685719,0.1,4
3757,56,7,10,6,3,0.09943914206060767,0.2,4
3758,56,7,10,6,3,0.19154878587824767,0.3,4
3759,56,7,10,6,4,0.20759239901833415,0.4,4
3760,56,7,10,6,4,0.20759239901833407,0.5,4
3761,56,7,10,6,7,0.7364213432580913,1.0,4
3762,57,7,0,5,2,0.05367153006679848,0.1,4
3763,57,7,0,5,2,0.05367153006679848,0.2,4
3764,57,7,0,5,3,0.1859755467311568,0.3,4
3765,57,7,0,5,3,0.2744565109358071,0.4,4
3766,57,7,0,5,3,0.27445651093580686,0.5,4
3767,57,7,0,5,6,0.906920911947063,1.0,4
3768,57,7,1,5,2,0.12904276882919508,0.1,4
3769,57,7,1,5,2,0.12904276882919508,0.2,4
3770,57,7,1,5,3,0.1305022357874981,0.3,4
3771,57,7,1,5,3,0.13050223578749798,0.4,4
3772,57,7,1,5,3,0.1305022357874981,0.5,4
3773,57,7,1,5,5,0.816228532069746,1.0,4
3774,57,7,2,6,2,0.028942209516450323,0.1,4
3775,57,7,2,6,2,0.028942209516450323,0.2,4
3776,57,7,2,6,3,0.15190174490380992,0.3,4
3777,57,7,2,6,3,0.1519017449038098,0.4,4
3778,57,7,2,6,3,0.1519017449038098,0.5,4
3779,57,7,2,6,6,0.6529006045985929,1.0,4
3780,57,7,3,5,2,0.060696469751895354,0.1,4
3781,57,7,3,5,2,0.060696469751895354,0.2,4
3782,57,7,3,5,3,0.0841018926536917,0.3,4
3783,57,7,3,5,3,0.08410189265369172,0.4,4
3784,57,7,3,5,3,0.08410189265369172,0.5,4
3785,57,7,3,5,5,0.6951509584791052,1.0,4
3786,57,7,4,5,2,0.1166399242839935,0.1,4
3787,57,7,4,5,2,0.22434302054593558,0.2,4
3788,57,7,4,5,2,0.22434302054593558,0.3,4
3789,57,7,4,5,2,0.22434302054593558,0.4,4
3790,57,7,4,5,3,0.3362679922861479,0.5,4
3791,57,7,4,5,6,0.9196955927513546,1.0,4
3792,57,7,5,5,2,0.12904276882919508,0.1,4
3793,57,7,5,5,2,0.12904276882919508,0.2,4
3794,57,7,5,5,3,0.15190174490380992,0.3,4
3795,57,7,5,5,3,0.15190174490380995,0.4,4
3796,57,7,5,5,3,0.15190174490380995,0.5,4
3797,57,7,5,5,6,0.652900604598594,1.0,4
3798,57,7,6,5,2,0.060696469751895354,0.1,4
3799,57,7,6,5,3,0.17146607517314755,0.2,4
3800,57,7,6,5,3,0.17146607517314785,0.3,4
3801,57,7,6,5,3,0.257369025660176,0.4,4
3802,57,7,6,5,3,0.2573690256601756,0.5,4
3803,57,7,6,5,6,0.8515563742357608,1.0,4
3804,57,7,7,5,2,0.028942209516450323,0.1,4
3805,57,7,7,5,2,0.028942209516450323,0.2,4
3806,57,7,7,5,3,0.1305022357874981,0.3,4
3807,57,7,7,5,3,0.1519017449038098,0.4,4
3808,57,7,7,5,3,0.1519017449038098,0.5,4
3809,57,7,7,5,5,0.7281944028729458,1.0,4
3810,57,7,8,6,2,0.05367153006679848,0.1,4
3811,57,7,8,6,3,0.1714660751731477,0.2,4
3812,57,7,8,6,3,0.18597554673115674,0.3,4
3813,57,7,8,6,3,0.2744565109358068,0.4,4
3814,57,7,8,6,3,0.27445651093580686,0.5,4
3815,57,7,8,6,6,0.9069209119470636,1.0,4
3816,57,7,9,6,2,0.12904276882919508,0.1,4
3817,57,7,9,6,2,0.12904276882919508,0.2,4
3818,57,7,9,6,3,0.13050223578749798,0.3,4
3819,57,7,9,6,3,0.13050223578749798,0.4,4
3820,57,7,9,6,3,0.13050223578749798,0.5,4
3821,57,7,9,6,6,0.6529006045985932,1.0,4
3822,57,7,10,6,2,0.060696469751895354,0.1,4
3823,57,7,10,6,2,0.060696469751895354,0.2,4
3824,57,7,10,6,3,0.08410189265369172,0.3,4
3825,57,7,10,6,3,0.25736902566017605,0.4,4
3826,57,7,10,6,3,0.2573690256601764,0.5,4
3827,57,7,10,6,6,0.9069209119470641,1.0,4
3828,58,7,0,5,2,0.10976941281584396,0.1,4
3829,58,7,0,5,2,0.10976941281584396,0.2,4
3830,58,7,0,5,3,0.17401441045694255,0.3,4
3831,58,7,0,5,3,0.13383233181124402,0.4,4
3832,58,7,0,5,4,0.2090870747327093,0.5,4
3833,58,7,0,5,6,0.765134393776203,1.0,4
3834,58,7,1,5,2,0.03439817405344736,0.1,4
3835,58,7,1,5,2,0.03439817405344736,0.2,4
3836,58,7,1,5,3,0.07290375711085266,0.3,4
3837,58,7,1,5,3,0.0729037571108527,0.4,4
3838,58,7,1,5,3,0.07290375711085263,0.5,4
3839,58,7,1,5,5,0.7694057004401512,1.0,4
3840,58,7,2,6,2,0.017441405420997813,0.1,4
3841,58,7,2,6,2,0.14861920498520287,0.2,4
3842,58,7,2,6,3,0.07290375711085267,0.3,4
3843,58,7,2,6,3,0.13042420559230827,0.4,4
3844,58,7,2,6,4,0.2859549133710166,0.5,4
3845,58,7,2,6,5,0.6087239846182192,1.0,4
3846,58,7,3,5,2,0.10274447313074708,0.1,4
3847,58,7,3,5,2,0.10274447313074708,0.2,4
3848,58,7,3,5,3,0.17401441045694255,0.3,4
3849,58,7,3,5,3,0.17401441045694244,0.4,4
3850,58,7,3,5,3,0.1696357272944854,0.5,4
3851,58,7,3,5,5,0.5674321938735499,1.0,4
3852,58,7,4,5,2,0.13152927727675712,0.1,4
3853,58,7,4,5,2,0.13152927727675712,0.2,4
3854,58,7,4,5,2,0.13152927727675712,0.3,4
3855,58,7,4,5,3,0.04143112183807989,0.4,4
3856,58,7,4,5,3,0.04143112183807979,0.5,4
3857,58,7,4,5,5,0.8714682153227035,1.0,4
3858,58,7,5,5,2,0.03439817405344736,0.1,4
3859,58,7,5,5,2,0.03439817405344736,0.2,4
3860,58,7,5,5,3,0.07290375711085263,0.3,4
3861,58,7,5,5,3,0.07290375711085266,0.4,4
3862,58,7,5,5,3,0.0729037571108527,0.5,4
3863,58,7,5,5,5,0.6087239846182189,1.0,4
3864,58,7,6,5,2,0.10274447313074708,0.1,4
3865,58,7,6,5,2,0.10274447313074708,0.2,4
3866,58,7,6,5,3,0.17401441045694244,0.3,4
3867,58,7,6,5,3,0.17401441045694246,0.4,4
3868,58,7,6,5,3,0.1696357272944854,0.5,4
3869,58,7,6,5,6,0.6865841318894619,1.0,4
3870,58,7,7,5,2,0.017441405420997813,0.1,4
3871,58,7,7,5,2,0.14861920498520287,0.2,4
3872,58,7,7,5,3,0.07290375711085266,0.3,4
3873,58,7,7,5,3,0.13042420559230822,0.4,4
3874,58,7,7,5,3,0.13042420559230827,0.5,4
3875,58,7,7,5,5,0.8069040435028535,1.0,4
3876,58,7,8,6,2,0.10976941281584396,0.1,4
3877,58,7,8,6,2,0.10976941281584396,0.2,4
3878,58,7,8,6,3,0.1740144104569424,0.3,4
3879,58,7,8,6,3,0.13383233181124404,0.4,4
3880,58,7,8,6,4,0.20908707473270935,0.5,4
3881,58,7,8,6,6,0.5807098450079763,1.0,4
3882,58,7,9,6,2,0.03439817405344736,0.1,4
3883,58,7,9,6,2,0.03439817405344736,0.2,4
3884,58,7,9,6,3,0.0729037571108527,0.3,4
3885,58,7,9,6,3,0.07290375711085256,0.4,4
3886,58,7,9,6,3,0.11796960661245381,0.5,4
3887,58,7,9,6,6,0.6803708831460913,1.0,4
3888,58,7,10,6,2,0.10274447313074708,0.1,4
3889,58,7,10,6,2,0.10274447313074708,0.2,4
3890,58,7,10,6,3,0.17401441045694235,0.3,4
3891,58,7,10,6,3,0.17401441045694246,0.4,4
3892,58,7,10,6,4,0.20908707473270924,0.5,4
3893,58,7,10,6,6,0.630326578583711,1.0,4
3894,59,7,0,5,2,0.032449431670398265,0.1,4
3895,59,7,0,5,2,0.032449431670398265,0.2,4
3896,59,7,0,5,3,0.15648197063748712,0.3,4
3897,59,7,0,5,3,0.15648197063748695,0.4,4
3898,59,7,0,5,4,0.24258497551536662,0.5,4
3899,59,7,0,5,6,0.9094950187732391,1.0,4
3900,59,7,1,5,2,0.10782067043279486,0.1,4
3901,59,7,1,5,3,0.08079966843216843,0.2,4
3902,59,7,1,5,3,0.08079966843216872,0.3,4
3903,59,7,1,5,3,0.1514633526758613,0.4,4
3904,59,7,1,5,3,0.19496580915758568,0.5,4
3905,59,7,1,5,6,0.7024167352544352,1.0,4
3906,59,7,2,6,3,0.0333933375617537,0.1,4
3907,59,7,2,6,3,0.10603839780258324,0.2,4
3908,59,7,2,6,4,0.18413121666566484,0.3,4
3909,59,7,2,6,4,0.1841312166656646,0.4,4
3910,59,7,2,6,4,0.18413121666566437,0.5,4
3911,59,7,2,6,6,0.7874782363724006,1.0,4
3912,59,7,3,5,2,0.03947437135549514,0.1,4
3913,59,7,3,5,2,0.03947437135549514,0.2,4
3914,59,7,3,5,3,0.1564819706374871,0.3,4
3915,59,7,3,5,3,0.1564819706374871,0.4,4
3916,59,7,3,5,3,0.1564819706374871,0.5,4
3917,59,7,3,5,6,0.7159537823053014,1.0,4
3918,59,7,4,5,2,0.03617218853876292,0.1,4
3919,59,7,4,5,2,0.03617218853876292,0.2,4
3920,59,7,4,5,2,0.03617218853876292,0.3,4
3921,59,7,4,5,3,0.14793188649249048,0.4,4
3922,59,7,4,5,3,0.14793188649249064,0.5,4
3923,59,7,4,5,6,0.8562029261486822,1.0,4
3924,59,7,5,5,2,0.10782067043279486,0.1,4
3925,59,7,5,5,3,0.08079966843216854,0.2,4
3926,59,7,5,5,4,0.1841312166656645,0.3,4
3927,59,7,5,5,4,0.18413121666566484,0.4,4
3928,59,7,5,5,4,0.18413121666566484,0.5,4
3929,59,7,5,5,6,0.8710005287935455,1.0,4
3930,59,7,6,5,2,0.03947437135549514,0.1,4
3931,59,7,6,5,2,0.03947437135549514,0.2,4
3932,59,7,6,5,3,0.17724300339680918,0.3,4
3933,59,7,6,5,3,0.1772430033968096,0.4,4
3934,59,7,6,5,4,0.3072639625287211,0.5,4
3935,59,7,6,5,5,0.7236189879462697,1.0,4
3936,59,7,7,5,2,0.050164307912850536,0.1,4
3937,59,7,7,5,3,0.10603839780258345,0.2,4
3938,59,7,7,5,4,0.18413121666566454,0.3,4
3939,59,7,7,5,4,0.18413121666566437,0.4,4
3940,59,7,7,5,4,0.18413121666566443,0.5,4
3941,59,7,7,5,6,0.7325762933232772,1.0,4
3942,59,7,8,6,2,0.032449431670398265,0.1,4
3943,59,7,8,6,2,0.032449431670398265,0.2,4
3944,59,7,8,6,3,0.17724300339680926,0.3,4
3945,59,7,8,6,3,0.14793188649249045,0.4,4
3946,59,7,8,6,4,0.24258497551536637,0.5,4
3947,59,7,8,6,5,0.7236787875880367,1.0,4
3948,59,7,9,6,2,0.10782067043279486,0.1,4
3949,59,7,9,6,3,0.08079966843216874,0.2,4
3950,59,7,9,6,4,0.18413121666566437,0.3,4
3951,59,7,9,6,4,0.18413121666566443,0.4,4
3952,59,7,9,6,4,0.18413121666566437,0.5,4
3953,59,7,9,6,6,0.7325762933232772,1.0,4
3954,59,7,10,6,2,0.03947437135549514,0.1,4
3955,59,7,10,6,2,0.03947437135549514,0.2,4
3956,59,7,10,6,3,0.15648197063748695,0.3,4
3957,59,7,10,6,3,0.1564819706374869,0.4,4
3958,59,7,10,6,4,0.24258497551536648,0.5,4
3959,59,7,10,6,6,0.9094950187732398,1.0,4
3960,60,7,0,5,2,0.08223248513221626,0.1,4
3961,60,7,0,5,2,0.08223248513221626,0.2,4
3962,60,7,0,5,3,0.0841018926536917,0.3,4
3963,60,7,0,5,4,0.24258497551536676,0.4,4
3964,60,7,0,5,5,0.3368099808510986,0.5,4
3965,60,7,0,5,6,0.896295653690023,1.0,4
3966,60,7,1,5,2,0.10272635935218238,0.1,4
3967,60,7,1,5,3,0.1060383978025833,0.2,4
3968,60,7,1,5,3,0.15190174490380992,0.3,4
3969,60,7,1,5,3,0.15190174490380992,0.4,4
3970,60,7,1,5,3,0.15190174490380992,0.5,4
3971,60,7,1,5,7,1.039527830425548,1.0,4
3972,60,7,2,6,2,0.0003812544510325422,0.1,4
3973,60,7,2,6,3,0.10603839780258308,0.2,4
3974,60,7,2,6,3,0.11114446429740979,0.3,4
3975,60,7,2,6,3,0.1519017449038098,0.4,4
3976,60,7,2,6,4,0.2928452789223274,0.5,4
3977,60,7,2,6,6,0.9893575427586042,1.0,4
3978,60,7,3,5,2,0.08925742481731314,0.1,4
3979,60,7,3,5,2,0.08925742481731314,0.2,4
3980,60,7,3,5,3,0.0841018926536917,0.3,4
3981,60,7,3,5,3,0.08410189265369172,0.4,4
3982,60,7,3,5,4,0.33352004389130796,0.5,4
3983,60,7,3,5,5,0.9528579347400048,1.0,4
3984,60,7,4,5,2,0.055019654589847145,0.1,4
3985,60,7,4,5,2,0.055019654589847145,0.2,4
3986,60,7,4,5,2,0.055019654589847145,0.3,4
3987,60,7,4,5,3,0.17921629973566094,0.4,4
3988,60,7,4,5,4,0.3879604572152279,0.5,4
3989,60,7,4,5,6,1.000995715803578,1.0,4
3990,60,7,5,5,2,0.10272635935218238,0.1,4
3991,60,7,5,5,3,0.1060383978025832,0.2,4
3992,60,7,5,5,3,0.15190174490380998,0.3,4
3993,60,7,5,5,3,0.15190174490380998,0.4,4
3994,60,7,5,5,3,0.15190174490380992,0.5,4
3995,60,7,5,5,6,0.7494574541141683,1.0,4
3996,60,7,6,5,2,0.08925742481731314,0.1,4
3997,60,7,6,5,2,0.08925742481731314,0.2,4
3998,60,7,6,5,3,0.17724300339680957,0.3,4
3999,60,7,6,5,4,0.18341552561779217,0.4,4
4000,60,7,6,5,4,0.18341552561779248,0.5,4
4001,60,7,6,5,6,1.0904251328559258,1.0,4
4002,60,7,7,5,2,0.0003812544510325422,0.1,4
4003,60,7,7,5,3,0.1060383978025832,0.2,4
4004,60,7,7,5,3,0.11114446429740961,0.3,4
4005,60,7,7,5,3,0.1519017449038098,0.4,4
4006,60,7,7,5,3,0.1519017449038098,0.5,4
4007,60,7,7,5,6,0.9323367479050944,1.0,4
4008,60,7,8,6,2,0.08223248513221626,0.1,4
4009,60,7,8,6,2,0.08223248513221626,0.2,4
4010,60,7,8,6,3,0.17724300339680957,0.3,4
4011,60,7,8,6,4,0.24258497551536623,0.4,4
4012,60,7,8,6,4,0.24258497551536667,0.5,4
4013,60,7,8,6,6,1.090425132855926,1.0,4
4014,60,7,9,6,2,0.10272635935218238,0.1,4
4015,60,7,9,6,3,0.10603839780258308,0.2,4
4016,60,7,9,6,3,0.15190174490380992,0.3,4
4017,60,7,9,6,3,0.15190174490380992,0.4,4
4018,60,7,9,6,3,0.15190174490380992,0.5,4
4019,60,7,9,6,6,0.784717944625577,1.0,4
4020,60,7,10,6,2,0.08925742481731314,0.1,4
4021,60,7,10,6,2,0.08925742481731314,0.2,4
4022,60,7,10,6,3,0.0841018926536917,0.3,4
4023,60,7,10,6,4,0.24258497551536654,0.4,4
4024,60,7,10,6,5,0.33680998085109815,0.5,4
4025,60,7,10,6,6,0.8554647386180371,1.0,4
4026,61,7,0,5,2,0.11784070001932567,0.1,4
4027,61,7,0,5,2,0.160167535422712,0.2,4
4028,61,7,0,5,2,0.160167535422712,0.3,4
4029,61,7,0,5,3,0.09919690976856181,0.4,4
4030,61,7,0,5,3,0.2369758975318604,0.5,4
4031,61,7,0,5,6,0.5805419882730787,1.0,4
4032,61,7,1,5,2,0.08479629666031546,0.1,4
4033,61,7,1,5,2,0.08479629666031546,0.2,4
4034,61,7,1,5,2,0.08479629666031546,0.3,4
4035,61,7,1,5,2,0.08479629666031546,0.4,4
4036,61,7,1,5,3,0.11506469698992457,0.5,4
4037,61,7,1,5,5,0.6090287080687512,1.0,4
4038,61,7,2,6,2,0.09687132833315415,0.1,4
4039,61,7,2,6,2,0.09687132833315415,0.2,4
4040,61,7,2,6,2,0.09687132833315415,0.3,4
4041,61,7,2,6,2,0.09687132833315415,0.4,4
4042,61,7,2,6,2,0.09687132833315415,0.5,4
4043,61,7,2,6,6,0.6330045273652677,1.0,4
4044,61,7,3,5,2,0.1108157603342288,0.1,4
4045,61,7,3,5,2,0.15314259573761513,0.2,4
4046,61,7,3,5,2,0.15314259573761513,0.3,4
4047,61,7,3,5,3,0.0991969097685618,0.4,4
4048,61,7,3,5,3,0.23697589753186027,0.5,4
4049,61,7,3,5,6,0.6154332273087532,1.0,4
4050,61,7,4,5,2,0.09687132833315415,0.1,4
4051,61,7,4,5,2,0.09687132833315415,0.2,4
4052,61,7,4,5,2,0.09687132833315415,0.3,4
4053,61,7,4,5,2,0.09687132833315415,0.4,4
4054,61,7,4,5,2,0.09687132833315415,0.5,4
4055,61,7,4,5,6,0.5805419882730791,1.0,4
4056,61,7,5,5,2,0.08479629666031546,0.1,4
4057,61,7,5,5,2,0.08479629666031546,0.2,4
4058,61,7,5,5,2,0.08479629666031546,0.3,4
4059,61,7,5,5,2,0.08479629666031546,0.4,4
4060,61,7,5,5,2,0.08479629666031546,0.5,4
4061,61,7,5,5,6,0.6330045273652675,1.0,4
4062,61,7,6,5,2,0.1108157603342288,0.1,4
4063,61,7,6,5,2,0.15314259573761513,0.2,4
4064,61,7,6,5,2,0.15314259573761513,0.3,4
4065,61,7,6,5,3,0.22718059491084275,0.4,4
4066,61,7,6,5,3,0.16991742706629348,0.5,4
4067,61,7,6,5,5,0.6261127890864787,1.0,4
4068,61,7,7,5,2,0.09687132833315415,0.1,4
4069,61,7,7,5,2,0.09687132833315415,0.2,4
4070,61,7,7,5,2,0.09687132833315415,0.3,4
4071,61,7,7,5,3,0.22718059491084283,0.4,4
4072,61,7,7,5,3,0.11506469698992457,0.5,4
4073,61,7,7,5,6,0.7059197108828617,1.0,4
4074,61,7,8,6,2,0.11784070001932567,0.1,4
4075,61,7,8,6,2,0.160167535422712,0.2,4
4076,61,7,8,6,2,0.160167535422712,0.3,4
4077,61,7,8,6,3,0.22718059491084275,0.4,4
4078,61,7,8,6,3,0.1699174270662937,0.5,4
4079,61,7,8,6,6,0.7894116633084259,1.0,4
4080,61,7,9,6,2,0.08479629666031546,0.1,4
4081,61,7,9,6,2,0.08479629666031546,0.2,4
4082,61,7,9,6,2,0.08479629666031546,0.3,4
4083,61,7,9,6,3,0.22718059491084278,0.4,4
4084,61,7,9,6,3,0.11506469698992493,0.5,4
4085,61,7,9,6,6,0.6154332273087527,1.0,4
4086,61,7,10,6,2,0.1108157603342288,0.1,4
4087,61,7,10,6,2,0.15314259573761513,0.2,4
4088,61,7,10,6,2,0.15314259573761513,0.3,4
4089,61,7,10,6,3,0.22718059491084283,0.4,4
4090,61,7,10,6,3,0.16991742706629348,0.5,4
4091,61,7,10,6,6,0.5786519040665163,1.0,4
4092,62,7,0,5,2,0.06228327668805833,0.1,4
4093,62,7,0,5,2,0.06228327668805833,0.2,4
4094,62,7,0,5,4,0.17033075612219162,0.3,4
4095,62,7,0,5,4,0.1703307561221916,0.4,4
4096,62,7,0,5,4,0.24258497551536623,0.5,4
4097,62,7,0,5,6,0.8429564748090549,1.0,4
4098,62,7,1,5,2,0.013087962074338155,0.1,4
4099,62,7,1,5,3,0.08079966843216872,0.2,4
4100,62,7,1,5,3,0.15190174490380992,0.3,4
4101,62,7,1,5,4,0.2805502301096827,0.4,4
4102,62,7,1,5,4,0.2805502301096828,0.5,4
4103,62,7,1,5,5,0.880212025494029,1.0,4
4104,62,7,2,6,3,0.033393337561753784,0.1,4
4105,62,7,2,6,3,0.10603839780258345,0.2,4
4106,62,7,2,6,4,0.18413121666566462,0.3,4
4107,62,7,2,6,4,0.1841312166656645,0.4,4
4108,62,7,2,6,4,0.18413121666566437,0.5,4
4109,62,7,2,6,7,0.7577643083020665,1.0,4
4110,62,7,3,5,2,0.055258337002961455,0.1,4
4111,62,7,3,5,3,0.07918309047197519,0.2,4
4112,62,7,3,5,3,0.1564819706374869,0.3,4
4113,62,7,3,5,3,0.15648197063748714,0.4,4
4114,62,7,3,5,4,0.3144434953919929,0.5,4
4115,62,7,3,5,6,0.7965481359599244,1.0,4
4116,62,7,4,5,2,0.14489701627130713,0.1,4
4117,62,7,4,5,2,0.14489701627130713,0.2,4
4118,62,7,4,5,2,0.14489701627130713,0.3,4
4119,62,7,4,5,3,0.17174463384618943,0.4,4
4120,62,7,4,5,3,0.31877343118058493,0.5,4
4121,62,7,4,5,7,0.8849645428572497,1.0,4
4122,62,7,5,5,2,0.013087962074338155,0.1,4
4123,62,7,5,5,3,0.08079966843216872,0.2,4
4124,62,7,5,5,4,0.18413121666566443,0.3,4
4125,62,7,5,5,4,0.18413121666566437,0.4,4
4126,62,7,5,5,4,0.18413121666566454,0.5,4
4127,62,7,5,5,6,0.8710005287935455,1.0,4
4128,62,7,6,5,2,0.055258337002961455,0.1,4
4129,62,7,6,5,3,0.07918309047197516,0.2,4
4130,62,7,6,5,3,0.07918309047197519,0.3,4
4131,62,7,6,5,4,0.1834155256177922,0.4,4
4132,62,7,6,5,4,0.30726396252872074,0.5,4
4133,62,7,6,5,6,0.8292779346370682,1.0,4
4134,62,7,7,5,2,0.14489701627130713,0.1,4
4135,62,7,7,5,3,0.10603839780258324,0.2,4
4136,62,7,7,5,4,0.18413121666566443,0.3,4
4137,62,7,7,5,4,0.18413121666566443,0.4,4
4138,62,7,7,5,4,0.18413121666566443,0.5,4
4139,62,7,7,5,6,0.7083476721082488,1.0,4
4140,62,7,8,6,2,0.06228327668805833,0.1,4
4141,62,7,8,6,3,0.07918309047197519,0.2,4
4142,62,7,8,6,3,0.1416178183232624,0.3,4
4143,62,7,8,6,4,0.18341552561779234,0.4,4
4144,62,7,8,6,4,0.24258497551536648,0.5,4
4145,62,7,8,6,7,0.8778884939997503,1.0,4
4146,62,7,9,6,2,0.013087962074338155,0.1,4
4147,62,7,9,6,3,0.08079966843216874,0.2,4
4148,62,7,9,6,4,0.18413121666566443,0.3,4
4149,62,7,9,6,4,0.2805502301096825,0.4,4
4150,62,7,9,6,4,0.28055023010968283,0.5,4
4151,62,7,9,6,6,0.6406181920911669,1.0,4
4152,62,7,10,6,2,0.055258337002961455,0.1,4
4153,62,7,10,6,2,0.055258337002961455,0.2,4
4154,62,7,10,6,4,0.17033075612219198,0.3,4
4155,62,7,10,6,4,0.1703307561221917,0.4,4
4156,62,7,10,6,4,0.1703307561221919,0.5,4
4157,62,7,10,6,7,0.8872275292241554,1.0,4
4158,63,7,0,5,2,0.022233383677374485,0.1,4
4159,63,7,0,5,2,0.022233383677374485,0.2,4
4160,63,7,0,5,3,0.15648197063748695,0.3,4
4161,63,7,0,5,3,0.15648197063748695,0.4,4
4162,63,7,0,5,3,0.18605753033994057,0.5,4
4163,63,7,0,5,6,0.7998448635328208,1.0,4
4164,63,7,1,5,2,0.053137855085022,0.1,4
4165,63,7,1,5,3,0.08079966843216839,0.2,4
4166,63,7,1,5,3,0.08079966843216844,0.3,4
4167,63,7,1,5,3,0.08079966843216839,0.4,4
4168,63,7,1,5,3,0.08079966843216843,0.5,4
4169,63,7,1,5,6,0.8490686609948646,1.0,4
4170,63,7,2,6,3,0.03339333756175369,0.1,4
4171,63,7,2,6,3,0.033393337561753784,0.2,4
4172,63,7,2,6,3,0.14666411036886184,0.3,4
4173,63,7,2,6,3,0.14666411036886184,0.4,4
4174,63,7,2,6,4,0.35108899331246085,0.5,4
4175,63,7,2,6,6,0.8490686609948646,1.0,4
4176,63,7,3,5,2,0.01520844399227761,0.1,4
4177,63,7,3,5,2,0.01520844399227761,0.2,4
4178,63,7,3,5,3,0.1564819706374871,0.3,4
4179,63,7,3,5,3,0.15648197063748695,0.4,4
4180,63,7,3,5,3,0.15648197063748695,0.5,4
4181,63,7,3,5,5,0.7178980070452622,1.0,4
4182,63,7,4,5,2,0.13152927727675712,0.1,4
4183,63,7,4,5,2,0.13152927727675712,0.2,4
4184,63,7,4,5,3,0.06836029351653757,0.3,4
4185,63,7,4,5,3,0.17174463384618952,0.4,4
4186,63,7,4,5,3,0.1631029071222993,0.5,4
4187,63,7,4,5,5,0.7829845613257972,1.0,4
4188,63,7,5,5,2,0.053137855085022,0.1,4
4189,63,7,5,5,3,0.08079966843216856,0.2,4
4190,63,7,5,5,3,0.0807996684321684,0.3,4
4191,63,7,5,5,3,0.08079966843216856,0.4,4
4192,63,7,5,5,3,0.0807996684321684,0.5,4
4193,63,7,5,5,6,0.8032685539364449,1.0,4
4194,63,7,6,5,2,0.01520844399227761,0.1,4
4195,63,7,6,5,2,0.01520844399227761,0.2,4
4196,63,7,6,5,3,0.16412665700534043,0.3,4
4197,63,7,6,5,3,0.16042708125067948,0.4,4
4198,63,7,6,5,4,0.3629076656782869,0.5,4
4199,63,7,6,5,6,0.7981191591655888,1.0,4
4200,63,7,7,5,2,0.10484712326062329,0.1,4
4201,63,7,7,5,3,0.08079966843216839,0.2,4
4202,63,7,7,5,3,0.14666411036886184,0.3,4
4203,63,7,7,5,3,0.14666411036886184,0.4,4
4204,63,7,7,5,3,0.14666411036886162,0.5,4
4205,63,7,7,5,6,0.8642481020681135,1.0,4
4206,63,7,8,6,2,0.022233383677374485,0.1,4
4207,63,7,8,6,2,0.022233383677374485,0.2,4
4208,63,7,8,6,3,0.16412665700534027,0.3,4
4209,63,7,8,6,3,0.16412665700534027,0.4,4
4210,63,7,8,6,4,0.3629076656782867,0.5,4
4211,63,7,8,6,6,0.758842103344442,1.0,4
4212,63,7,9,6,2,0.053137855085022,0.1,4
4213,63,7,9,6,3,0.08079966843216854,0.2,4
4214,63,7,9,6,3,0.08079966843216856,0.3,4
4215,63,7,9,6,3,0.08079966843216844,0.4,4
4216,63,7,9,6,3,0.14535956025491137,0.5,4
4217,63,7,9,6,6,0.7454834766556857,1.0,4
4218,63,7,10,6,2,0.01520844399227761,0.1,4
4219,63,7,10,6,2,0.01520844399227761,0.2,4
4220,63,7,10,6,3,0.15648197063748695,0.3,4
4221,63,7,10,6,3,0.1564819706374871,0.4,4
4222,63,7,10,6,4,0.3510889933124609,0.5,4
4223,63,7,10,6,6,0.7454834766556857,1.0,4
4224,64,5,0,5,2,0.05367153006679837,0.1,4
4225,64,5,0,5,2,0.05367153006679837,0.2,4
4226,64,5,0,5,2,0.05367153006679837,0.3,4
4227,64,5,0,5,2,0.05367153006679837,0.4,4
4228,64,5,0,5,3,0.3118409198573455,0.5,4
4229,64,5,0,5,4,0.6260587087691756,1.0,4
4230,64,5,1,5,2,0.1290427688291949,0.1,4
4231,64,5,1,5,2,0.1290427688291949,0.2,4
4232,64,5,1,5,3,0.13050223578749798,0.3,4
4233,64,5,1,5,3,0.1305022357874981,0.4,4
4234,64,5,1,5,3,0.13050223578749792,0.5,4
4235,64,5,1,5,5,0.6756885194557744,1.0,4
4236,64,5,2,6,2,0.028942209516450434,0.1,4
4237,64,5,2,6,2,0.028942209516450434,0.2,4
4238,64,5,2,6,2,0.028942209516450434,0.3,4
4239,64,5,2,6,2,0.028942209516450434,0.4,4
4240,64,5,2,6,3,0.15782227647773522,0.5,4
4241,64,5,2,6,5,0.678349163315008,1.0,4
4242,64,5,3,5,2,0.06069646975189524,0.1,4
4243,64,5,3,5,2,0.06069646975189524,0.2,4
4244,64,5,3,5,3,0.13050223578749803,0.3,4
4245,64,5,3,5,3,0.13050223578749803,0.4,4
4246,64,5,3,5,3,0.13050223578749798,0.5,4
4247,64,5,3,5,4,0.7084924953139444,1.0,4
4248,64,5,4,5,2,0.0799884253767571,0.1,4
4249,64,5,4,5,2,0.0799884253767571,0.2,4
4250,64,5,4,5,2,0.0799884253767571,0.3,4
4251,64,5,4,5,3,0.2598814486022542,0.4,4
4252,64,5,4,5,3,0.1578222764777352,0.5,4
4253,64,5,4,5,4,0.6190295605334979,1.0,4
4254,64,5,5,5,2,0.1290427688291949,0.1,4
4255,64,5,5,5,2,0.1290427688291949,0.2,4
4256,64,5,5,5,2,0.1290427688291949,0.3,4
4257,64,5,5,5,2,0.1290427688291949,0.4,4
4258,64,5,5,5,3,0.15351334966183003,0.5,4
4259,64,5,5,5,5,0.6783491633150079,1.0,4
4260,64,5,6,5,2,0.06069646975189524,0.1,4
4261,64,5,6,5,2,0.06069646975189524,0.2,4
4262,64,5,6,5,2,0.06069646975189524,0.3,4
4263,64,5,6,5,3,0.257369025660176,0.4,4
4264,64,5,6,5,3,0.2573690256601751,0.5,4
4265,64,5,6,5,4,0.5820687099364681,1.0,4
4266,64,5,7,5,2,0.028942209516450434,0.1,4
4267,64,5,7,5,2,0.028942209516450434,0.2,4
4268,64,5,7,5,3,0.1305022357874981,0.3,4
4269,64,5,7,5,3,0.13050223578749795,0.4,4
4270,64,5,7,5,3,0.13050223578749798,0.5,4
4271,64,5,7,5,4,0.4102191766416751,1.0,4
4272,64,5,8,6,2,0.05367153006679837,0.1,4
4273,64,5,8,6,2,0.05367153006679837,0.2,4
4274,64,5,8,6,2,0.05367153006679837,0.3,4
4275,64,5,8,6,3,0.25736902566017605,0.4,4
4276,64,5,8,6,3,0.25736902566017567,0.5,4
4277,64,5,8,6,5,0.6619480083229589,1.0,4
4278,64,5,9,6,2,0.1290427688291949,0.1,4
4279,64,5,9,6,2,0.1290427688291949,0.2,4
4280,64,5,9,6,3,0.13050223578749798,0.3,4
4281,64,5,9,6,3,0.13050223578749798,0.4,4
4282,64,5,9,6,3,0.13050223578749798,0.5,4
4283,64,5,9,6,5,0.6783491633150074,1.0,4
4284,64,5,10,6,2,0.06069646975189524,0.1,4
4285,64,5,10,6,2,0.06069646975189524,0.2,4
4286,64,5,10,6,2,0.06069646975189524,0.3,4
4287,64,5,10,6,3,0.25736902566017633,0.4,4
4288,64,5,10,6,3,0.25736902566017605,0.5,4
4289,64,5,10,6,4,0.7223332485480431,1.0,4
4290,65,7,0,5,2,0.027355120589785842,0.1,4
4291,65,7,0,5,3,0.14896436720565617,0.2,4
4292,65,7,0,5,3,0.1859755467311568,0.3,4
4293,65,7,0,5,4,0.24258497551536645,0.4,4
4294,65,7,0,5,5,0.3368099808510984,0.5,4
4295,65,7,0,5,6,0.9262114642509623,1.0,4
4296,65,7,1,5,2,0.10272635935218238,0.1,4
4297,65,7,1,5,3,0.1060383978025832,0.2,4
4298,65,7,1,5,3,0.15190174490380987,0.3,4
4299,65,7,1,5,4,0.28055023010968255,0.4,4
4300,65,7,1,5,4,0.2805502301096825,0.5,4
4301,65,7,1,5,7,0.838385215901908,1.0,4
4302,65,7,2,6,2,0.05525861899346296,0.1,4
4303,65,7,2,6,3,0.1060383978025833,0.2,4
4304,65,7,2,6,3,0.11114446429740966,0.3,4
4305,65,7,2,6,3,0.1111444642974096,0.4,4
4306,65,7,2,6,4,0.29284527892232765,0.5,4
4307,65,7,2,6,6,0.9893575427586042,1.0,4
4308,65,7,3,5,2,0.03438006027488272,0.1,4
4309,65,7,3,5,2,0.03438006027488272,0.2,4
4310,65,7,3,5,3,0.08410189265369172,0.3,4
4311,65,7,3,5,3,0.08410189265369172,0.4,4
4312,65,7,3,5,4,0.3335200438913078,0.5,4
4313,65,7,3,5,6,1.013659791561216,1.0,4
4314,65,7,4,5,2,0.055019654589847145,0.1,4
4315,65,7,4,5,2,0.22434302054593558,0.2,4
4316,65,7,4,5,2,0.22434302054593558,0.3,4
4317,65,7,4,5,3,0.17921629973566097,0.4,4
4318,65,7,4,5,3,0.27390150626566484,0.5,4
4319,65,7,4,5,6,0.8989192224170227,1.0,4
4320,65,7,5,5,2,0.10272635935218238,0.1,4
4321,65,7,5,5,3,0.10603839780258324,0.2,4
4322,65,7,5,5,3,0.15190174490380992,0.3,4
4323,65,7,5,5,3,0.15190174490380995,0.4,4
4324,65,7,5,5,4,0.4339893686356338,0.5,4
4325,65,7,5,5,6,1.0483639551914494,1.0,4
4326,65,7,6,5,2,0.03438006027488272,0.1,4
4327,65,7,6,5,3,0.17146607517314771,0.2,4
4328,65,7,6,5,3,0.1772430033968096,0.3,4
4329,65,7,6,5,4,0.18341552561779237,0.4,4
4330,65,7,6,5,4,0.1834155256177923,0.5,4
4331,65,7,6,5,6,1.0487019784253588,1.0,4
4332,65,7,7,5,2,0.05525861899346296,0.1,4
4333,65,7,7,5,3,0.10603839780258308,0.2,4
4334,65,7,7,5,3,0.11114446429740961,0.3,4
4335,65,7,7,5,4,0.2805502301096827,0.4,4
4336,65,7,7,5,4,0.2805502301096827,0.5,4
4337,65,7,7,5,7,1.0757459125879565,1.0,4
4338,65,7,8,6,2,0.027355120589785842,0.1,4
4339,65,7,8,6,3,0.17146607517314766,0.2,4
4340,65,7,8,6,3,0.18597554673115674,0.3,4
4341,65,7,8,6,4,0.24258497551536656,0.4,4
4342,65,7,8,6,5,0.4157552647297137,0.5,4
4343,65,7,8,6,7,0.9352956939188247,1.0,4
4344,65,7,9,6,2,0.10272635935218238,0.1,4
4345,65,7,9,6,3,0.1060383978025832,0.2,4
4346,65,7,9,6,3,0.15190174490380992,0.3,4
4347,65,7,9,6,4,0.28055023010968266,0.4,4
4348,65,7,9,6,4,0.28055023010968283,0.5,4
4349,65,7,9,6,7,1.0757459125879565,1.0,4
4350,65,7,10,6,2,0.03438006027488272,0.1,4
4351,65,7,10,6,2,0.03438006027488272,0.2,4
4352,65,7,10,6,3,0.0841018926536917,0.3,4
4353,65,7,10,6,4,0.2425849755153672,0.4,4
4354,65,7,10,6,5,0.33680998085109837,0.5,4
4355,65,7,10,6,7,0.9144911390579795,1.0,4
4356,66,7,0,5,2,0.1097694128158444,0.1,4
4357,66,7,0,5,3,0.09943914206060764,0.2,4
4358,66,7,0,5,3,0.09943914206060767,0.3,4
4359,66,7,0,5,3,0.09943914206060767,0.4,4
4360,66,7,0,5,3,0.09943914206060762,0.5,4
4361,66,7,0,5,6,0.7481527171707608,1.0,4
4362,66,7,1,5,2,0.034398174053447805,0.1,4
4363,66,7,1,5,2,0.034398174053447805,0.2,4
4364,66,7,1,5,3,0.07290375711085266,0.3,4
4365,66,7,1,5,3,0.07290375711085256,0.4,4
4366,66,7,1,5,3,0.07290375711085267,0.5,4
4367,66,7,1,5,7,0.8336449222711039,1.0,4
4368,66,7,2,6,2,0.017441405420997813,0.1,4
4369,66,7,2,6,3,0.1255987903834147,0.2,4
4370,66,7,2,6,3,0.12559879038341482,0.3,4
4371,66,7,2,6,3,0.1255987903834147,0.4,4
4372,66,7,2,6,3,0.1255987903834147,0.5,4
4373,66,7,2,6,6,0.7317479243192556,1.0,4
4374,66,7,3,5,2,0.10274447313074753,0.1,4
4375,66,7,3,5,2,0.10274447313074753,0.2,4
4376,66,7,3,5,3,0.17401441045694235,0.3,4
4377,66,7,3,5,3,0.17401441045694246,0.4,4
4378,66,7,3,5,3,0.1696357272944853,0.5,4
4379,66,7,3,5,6,0.7332911136836022,1.0,4
4380,66,7,4,5,2,0.017441405420997813,0.1,4
4381,66,7,4,5,3,0.12559879038341465,0.2,4
4382,66,7,4,5,3,0.12559879038341465,0.3,4
4383,66,7,4,5,3,0.1255987903834147,0.4,4
4384,66,7,4,5,3,0.12559879038341465,0.5,4
4385,66,7,4,5,7,0.8336449222711036,1.0,4
4386,66,7,5,5,2,0.034398174053447805,0.1,4
4387,66,7,5,5,3,0.12559879038341473,0.2,4
4388,66,7,5,5,3,0.07290375711085266,0.3,4
4389,66,7,5,5,3,0.07290375711085256,0.4,4
4390,66,7,5,5,3,0.07290375711085263,0.5,4
4391,66,7,5,5,6,0.6956110772082836,1.0,4
4392,66,7,6,5,2,0.10274447313074753,0.1,4
4393,66,7,6,5,2,0.10274447313074753,0.2,4
4394,66,7,6,5,3,0.17401441045694246,0.3,4
4395,66,7,6,5,3,0.11890851302090914,0.4,4
4396,66,7,6,5,3,0.11890851302090913,0.5,4
4397,66,7,6,5,6,0.7149747124033996,1.0,4
4398,66,7,7,5,2,0.017441405420997813,0.1,4
4399,66,7,7,5,2,0.1401445166326556,0.2,4
4400,66,7,7,5,3,0.07290375711085267,0.3,4
4401,66,7,7,5,4,0.20759239901833407,0.4,4
4402,66,7,7,5,4,0.20759239901833432,0.5,4
4403,66,7,7,5,7,0.7627725655721457,1.0,4
4404,66,7,8,6,2,0.1097694128158444,0.1,4
4405,66,7,8,6,3,0.09943914206060764,0.2,4
4406,66,7,8,6,3,0.09943914206060764,0.3,4
4407,66,7,8,6,3,0.09943914206060761,0.4,4
4408,66,7,8,6,3,0.0994391420606077,0.5,4
4409,66,7,8,6,6,0.5461918201602807,1.0,4
4410,66,7,9,6,2,0.034398174053447805,0.1,4
4411,66,7,9,6,3,0.1255987903834147,0.2,4
4412,66,7,9,6,3,0.07290375711085266,0.3,4
4413,66,7,9,6,4,0.20759239901833393,0.4,4
4414,66,7,9,6,4,0.20759239901833432,0.5,4
4415,66,7,9,6,7,0.7627725655721456,1.0,4
4416,66,7,10,6,2,0.10274447313074753,0.1,4
4417,66,7,10,6,3,0.09943914206060764,0.2,4
4418,66,7,10,6,3,0.17401441045694235,0.3,4
4419,66,7,10,6,4,0.20759239901833385,0.4,4
4420,66,7,10,6,4,0.20759239901833404,0.5,4
4421,66,7,10,6,7,0.8194652475481602,1.0,4
4422,67,8,0,5,2,0.06517233416225099,0.1,4
4423,67,8,0,5,2,0.06517233416225099,0.2,4
4424,67,8,0,5,3,0.1740144104569424,0.3,4
4425,67,8,0,5,3,0.13383233181124402,0.4,4
4426,67,8,0,5,4,0.2090870747327092,0.5,4
4427,67,8,0,5,5,0.8145909684348206,1.0,4
4428,67,8,1,5,2,0.03439817405344736,0.1,4
4429,67,8,1,5,2,0.14054357292464753,0.2,4
4430,67,8,1,5,3,0.07290375711085256,0.3,4
4431,67,8,1,5,3,0.15190174490380992,0.4,4
4432,67,8,1,5,3,0.15190174490380992,0.5,4
4433,67,8,1,5,6,0.7817928779985442,1.0,4
4434,67,8,2,6,2,0.017441405420997813,0.1,4
4435,67,8,2,6,2,0.017441405420997813,0.2,4
4436,67,8,2,6,3,0.07290375711085266,0.3,4
4437,67,8,2,6,3,0.1304242055923083,0.4,4
4438,67,8,2,6,4,0.2526648953022495,0.5,4
4439,67,8,2,6,6,0.7817928779985437,1.0,4
4440,67,8,3,5,2,0.07219727384734786,0.1,4
4441,67,8,3,5,2,0.07219727384734786,0.2,4
4442,67,8,3,5,3,0.17401441045694255,0.3,4
4443,67,8,3,5,3,0.17401441045694244,0.4,4
4444,67,8,3,5,3,0.17401441045694235,0.5,4
4445,67,8,3,5,5,0.814590968434821,1.0,4
4446,67,8,4,5,2,0.13152927727675712,0.1,4
4447,67,8,4,5,2,0.13152927727675712,0.2,4
4448,67,8,4,5,2,0.13152927727675712,0.3,4
4449,67,8,4,5,2,0.13152927727675712,0.4,4
4450,67,8,4,5,3,0.20725412652164762,0.5,4
4451,67,8,4,5,5,0.57912052821319,1.0,4
4452,67,8,5,5,2,0.03439817405344736,0.1,4
4453,67,8,5,5,2,0.14054357292464753,0.2,4
4454,67,8,5,5,3,0.07290375711085256,0.3,4
4455,67,8,5,5,3,0.20618970634843226,0.4,4
4456,67,8,5,5,4,0.2526648953022494,0.5,4
4457,67,8,5,5,5,0.6457935971443723,1.0,4
4458,67,8,6,5,2,0.07219727384734786,0.1,4
4459,67,8,6,5,2,0.07219727384734786,0.2,4
4460,67,8,6,5,3,0.17401441045694255,0.3,4
4461,67,8,6,5,3,0.1740144104569424,0.4,4
4462,67,8,6,5,3,0.17401441045694258,0.5,4
4463,67,8,6,5,5,0.6887240537630052,1.0,4
4464,67,8,7,5,2,0.017441405420997813,0.1,4
4465,67,8,7,5,2,0.017441405420997813,0.2,4
4466,67,8,7,5,3,0.07290375711085266,0.3,4
4467,67,8,7,5,3,0.1304242055923083,0.4,4
4468,67,8,7,5,3,0.07290375711085254,0.5,4
4469,67,8,7,5,5,0.8069040435028529,1.0,4
4470,67,8,8,6,2,0.06517233416225099,0.1,4
4471,67,8,8,6,2,0.06517233416225099,0.2,4
4472,67,8,8,6,3,0.16002471096435744,0.3,4
4473,67,8,8,6,3,0.16002471096435752,0.4,4
4474,67,8,8,6,4,0.20908707473270918,0.5,4
4475,67,8,8,6,6,0.7701178902296117,1.0,4
4476,67,8,9,6,2,0.03439817405344736,0.1,4
4477,67,8,9,6,2,0.14054357292464753,0.2,4
4478,67,8,9,6,3,0.07290375711085256,0.3,4
4479,67,8,9,6,3,0.15190174490380992,0.4,4
4480,67,8,9,6,4,0.25266489530224945,0.5,4
4481,67,8,9,6,5,0.6457935971443719,1.0,4
4482,67,8,10,6,2,0.07219727384734786,0.1,4
4483,67,8,10,6,2,0.07219727384734786,0.2,4
4484,67,8,10,6,3,0.17401441045694244,0.3,4
4485,67,8,10,6,3,0.17401441045694238,0.4,4
4486,67,8,10,6,4,0.20908707473270935,0.5,4
4487,67,8,10,6,5,0.47351691274417834,1.0,4
4488,68,8,0,5,2,0.12314616795856992,0.1,4
4489,68,8,0,5,2,0.12314616795856992,0.2,4
4490,68,8,0,5,3,0.09943914206060762,0.3,4
4491,68,8,0,5,3,0.09943914206060764,0.4,4
4492,68,8,0,5,3,0.0994391420606077,0.5,4
4493,68,8,0,5,6,0.7166474174290381,1.0,4
4494,68,8,1,5,2,0.04777492919617343,0.1,4
4495,68,8,1,5,2,0.04777492919617343,0.2,4
4496,68,8,1,5,2,0.04777492919617343,0.3,4
4497,68,8,1,5,2,0.04777492919617343,0.4,4
4498,68,8,1,5,3,0.12081147570849288,0.5,4
4499,68,8,1,5,8,0.755169890037218,1.0,4
4500,68,8,2,6,2,0.04777492919617343,0.1,4
4501,68,8,2,6,2,0.04777492919617343,0.2,4
4502,68,8,2,6,3,0.09943914206060764,0.3,4
4503,68,8,2,6,3,0.11723528433266166,0.4,4
4504,68,8,2,6,3,0.12081147570849275,0.5,4
4505,68,8,2,6,8,0.7582122005113746,1.0,4
4506,68,8,3,5,2,0.11612122827347304,0.1,4
4507,68,8,3,5,2,0.11612122827347304,0.2,4
4508,68,8,3,5,2,0.11612122827347304,0.3,4
4509,68,8,3,5,3,0.25401741648205406,0.4,4
4510,68,8,3,5,3,0.25401741648205406,0.5,4
4511,68,8,3,5,7,0.7112708989390056,1.0,4
4512,68,8,4,5,0,inf,0.1,4
4513,68,8,4,5,0,inf,0.2,4
4514,68,8,4,5,0,inf,0.3,4
4515,68,8,4,5,0,inf,0.4,4
4516,68,8,4,5,0,inf,0.5,4
4517,68,8,4,5,0,inf,1.0,4
4518,68,8,5,5,2,0.04777492919617343,0.1,4
4519,68,8,5,5,2,0.04777492919617343,0.2,4
4520,68,8,5,5,2,0.04777492919617343,0.3,4
4521,68,8,5,5,3,0.11723528433266224,0.4,4
4522,68,8,5,5,3,0.11723528433266198,0.5,4
4523,68,8,5,5,7,0.6909617347215484,1.0,4
4524,68,8,6,5,2,0.11612122827347304,0.1,4
4525,68,8,6,5,2,0.11612122827347304,0.2,4
4526,68,8,6,5,2,0.11612122827347304,0.3,4
4527,68,8,6,5,3,0.22718059491084283,0.4,4
4528,68,8,6,5,3,0.22718059491084278,0.5,4
4529,68,8,6,5,7,0.7774450744424252,1.0,4
4530,68,8,7,5,2,0.04777492919617343,0.1,4
4531,68,8,7,5,2,0.04777492919617343,0.2,4
4532,68,8,7,5,2,0.04777492919617343,0.3,4
4533,68,8,7,5,3,0.22718059491084275,0.4,4
4534,68,8,7,5,4,0.3152412415196549,0.5,4
4535,68,8,7,5,7,0.7284671514626587,1.0,4
4536,68,8,8,6,2,0.12314616795856992,0.1,4
4537,68,8,8,6,2,0.12314616795856992,0.2,4
4538,68,8,8,6,3,0.09943914206060767,0.3,4
4539,68,8,8,6,3,0.09943914206060767,0.4,4
4540,68,8,8,6,3,0.13240893929164438,0.5,4
4541,68,8,8,6,8,0.7363859437462688,1.0,4
4542,68,8,9,6,2,0.04777492919617343,0.1,4
4543,68,8,9,6,2,0.04777492919617343,0.2,4
4544,68,8,9,6,2,0.04777492919617343,0.3,4
4545,68,8,9,6,3,0.11723528433266152,0.4,4
4546,68,8,9,6,4,0.3152412415196553,0.5,4
4547,68,8,9,6,7,0.6909617347215489,1.0,4
4548,68,8,10,6,2,0.11612122827347304,0.1,4
4549,68,8,10,6,2,0.11612122827347304,0.2,4
4550,68,8,10,6,3,0.09943914206060762,0.3,4
4551,68,8,10,6,3,0.25401741648205406,0.4,4
4552,68,8,10,6,4,0.31524124151965544,0.5,4
4553,68,8,10,6,8,0.7363859437462688,1.0,4
4554,69,8,0,5,2,0.11784070001932567,0.1,4
4555,69,8,0,5,2,0.160167535422712,0.2,4
4556,69,8,0,5,2,0.160167535422712,0.3,4
4557,69,8,0,5,3,0.25401741648205406,0.4,4
4558,69,8,0,5,3,0.25401741648205406,0.5,4
4559,69,8,0,5,6,0.704424812917266,1.0,4
4560,69,8,1,5,2,0.08479629666031546,0.1,4
4561,69,8,1,5,2,0.08479629666031546,0.2,4
4562,69,8,1,5,2,0.08479629666031546,0.3,4
4563,69,8,1,5,3,0.0683602935165374,0.4,4
4564,69,8,1,5,3,0.11506469698992457,0.5,4
4565,69,8,1,5,6,0.7175096158829711,1.0,4
4566,69,8,2,6,2,0.08479629666031546,0.1,4
4567,69,8,2,6,2,0.08479629666031546,0.2,4
4568,69,8,2,6,3,0.13671456721644698,0.3,4
4569,69,8,2,6,3,0.1367145672164469,0.4,4
4570,69,8,2,6,4,0.2597429397614929,0.5,4
4571,69,8,2,6,7,0.6973029641983667,1.0,4
4572,69,8,3,5,2,0.1108157603342288,0.1,4
4573,69,8,3,5,2,0.15314259573761513,0.2,4
4574,69,8,3,5,3,0.13671456721644698,0.3,4
4575,69,8,3,5,3,0.25401741648205406,0.4,4
4576,69,8,3,5,3,0.25401741648205406,0.5,4
4577,69,8,3,5,7,0.7623116313348437,1.0,4
4578,69,8,4,5,2,0.04216976475557099,0.1,4
4579,69,8,4,5,2,0.13152927727675712,0.2,4
4580,69,8,4,5,2,0.13152927727675712,0.3,4
4581,69,8,4,5,3,0.06836029351653757,0.4,4
4582,69,8,4,5,3,0.06836029351653755,0.5,4
4583,69,8,4,5,5,0.614910356456061,1.0,4
4584,69,8,5,5,2,0.08479629666031546,0.1,4
4585,69,8,5,5,2,0.08479629666031546,0.2,4
4586,69,8,5,5,2,0.08479629666031546,0.3,4
4587,69,8,5,5,2,0.08479629666031546,0.4,4
4588,69,8,5,5,2,0.08479629666031546,0.5,4
4589,69,8,5,5,7,0.6973029641983668,1.0,4
4590,69,8,6,5,2,0.1108157603342288,0.1,4
4591,69,8,6,5,2,0.15314259573761513,0.2,4
4592,69,8,6,5,3,0.1367145672164469,0.3,4
4593,69,8,6,5,3,0.22718059491084278,0.4,4
4594,69,8,6,5,3,0.1699174270662935,0.5,4
4595,69,8,6,5,7,0.7531153841239743,1.0,4
4596,69,8,7,5,2,0.08479629666031546,0.1,4
4597,69,8,7,5,2,0.08479629666031546,0.2,4
4598,69,8,7,5,2,0.08479629666031546,0.3,4
4599,69,8,7,5,3,0.25401741648205406,0.4,4
4600,69,8,7,5,4,0.3152412415196554,0.5,4
4601,69,8,7,5,7,0.8144333032701303,1.0,4
4602,69,8,8,6,2,0.11784070001932567,0.1,4
4603,69,8,8,6,2,0.160167535422712,0.2,4
4604,69,8,8,6,3,0.13671456721644712,0.3,4
4605,69,8,8,6,3,0.13671456721644643,0.4,4
4606,69,8,8,6,4,0.2597429397614935,0.5,4
4607,69,8,8,6,7,0.7180614104091906,1.0,4
4608,69,8,9,6,2,0.08479629666031546,0.1,4
4609,69,8,9,6,2,0.08479629666031546,0.2,4
4610,69,8,9,6,2,0.08479629666031546,0.3,4
4611,69,8,9,6,3,0.25401741648205406,0.4,4
4612,69,8,9,6,4,0.31524124151965544,0.5,4
4613,69,8,9,6,7,0.6973029641983667,1.0,4
4614,69,8,10,6,2,0.1108157603342288,0.1,4
4615,69,8,10,6,2,0.15314259573761513,0.2,4
4616,69,8,10,6,2,0.15314259573761513,0.3,4
4617,69,8,10,6,3,0.25401741648205406,0.4,4
4618,69,8,10,6,4,0.3152412415196553,0.5,4
4619,69,8,10,6,7,0.8144333032701302,1.0,4
4620,70,8,0,5,2,0.05367153006679837,0.1,4
4621,70,8,0,5,2,0.05367153006679837,0.2,4
4622,70,8,0,5,4,0.17033075612219115,0.3,4
4623,70,8,0,5,4,0.1703307561221913,0.4,4
4624,70,8,0,5,4,0.17033075612219115,0.5,4
4625,70,8,0,5,5,0.7407374697046056,1.0,4
4626,70,8,1,5,2,0.1290427688291949,0.1,4
4627,70,8,1,5,3,0.10603839780258308,0.2,4
4628,70,8,1,5,3,0.13050223578749795,0.3,4
4629,70,8,1,5,4,0.2805502301096827,0.4,4
4630,70,8,1,5,4,0.2805502301096827,0.5,4
4631,70,8,1,5,6,0.800521926129518,1.0,4
4632,70,8,2,6,3,0.03339333756175369,0.1,4
4633,70,8,2,6,3,0.10603839780258308,0.2,4
4634,70,8,2,6,4,0.18413121666566445,0.3,4
4635,70,8,2,6,4,0.18413121666566457,0.4,4
4636,70,8,2,6,4,0.18413121666566437,0.5,4
4637,70,8,2,6,8,0.8576492035692955,1.0,4
4638,70,8,3,5,2,0.06069646975189524,0.1,4
4639,70,8,3,5,2,0.06069646975189524,0.2,4
4640,70,8,3,5,3,0.15648197063748706,0.3,4
4641,70,8,3,5,3,0.0841018926536917,0.4,4
4642,70,8,3,5,3,0.08410189265369172,0.5,4
4643,70,8,3,5,7,0.8150713649143804,1.0,4
4644,70,8,4,5,2,0.028942209516450434,0.1,4
4645,70,8,4,5,2,0.028942209516450434,0.2,4
4646,70,8,4,5,2,0.028942209516450434,0.3,4
4647,70,8,4,5,3,0.17174463384618952,0.4,4
4648,70,8,4,5,3,0.31877343118058526,0.5,4
4649,70,8,4,5,6,0.7396173234369234,1.0,4
4650,70,8,5,5,2,0.1290427688291949,0.1,4
4651,70,8,5,5,3,0.1060383978025832,0.2,4
4652,70,8,5,5,4,0.18413121666566445,0.3,4
4653,70,8,5,5,4,0.18413121666566432,0.4,4
4654,70,8,5,5,4,0.18413121666566437,0.5,4
4655,70,8,5,5,8,0.857649203569295,1.0,4
4656,70,8,6,5,2,0.06069646975189524,0.1,4
4657,70,8,6,5,3,0.17146607517314771,0.2,4
4658,70,8,6,5,3,0.17724300339680957,0.3,4
4659,70,8,6,5,3,0.17724300339680937,0.4,4
4660,70,8,6,5,4,0.3072639625287204,0.5,4
4661,70,8,6,5,6,0.8292779346370688,1.0,4
4662,70,8,7,5,2,0.028942209516450434,0.1,4
4663,70,8,7,5,3,0.1060383978025833,0.2,4
4664,70,8,7,5,4,0.18413121666566437,0.3,4
4665,70,8,7,5,4,0.18413121666566437,0.4,4
4666,70,8,7,5,4,0.1841312166656645,0.5,4
4667,70,8,7,5,6,0.8005219261295178,1.0,4
4668,70,8,8,6,2,0.05367153006679837,0.1,4
4669,70,8,8,6,3,0.17146607517314771,0.2,4
4670,70,8,8,6,3,0.14161781832326256,0.3,4
4671,70,8,8,6,3,0.14161781832326242,0.4,4
4672,70,8,8,6,4,0.3072639625287211,0.5,4
4673,70,8,8,6,6,0.7523923644225204,1.0,4
4674,70,8,9,6,2,0.1290427688291949,0.1,4
4675,70,8,9,6,3,0.1060383978025832,0.2,4
4676,70,8,9,6,4,0.18413121666566432,0.3,4
4677,70,8,9,6,4,0.2805502301096829,0.4,4
4678,70,8,9,6,4,0.2805502301096828,0.5,4
4679,70,8,9,6,8,0.8576492035692971,1.0,4
4680,70,8,10,6,2,0.06069646975189524,0.1,4
4681,70,8,10,6,2,0.06069646975189524,0.2,4
4682,70,8,10,6,4,0.170330756122192,0.3,4
4683,70,8,10,6,4,0.17033075612219176,0.4,4
4684,70,8,10,6,4,0.1703307561221915,0.5,4
4685,70,8,10,6,6,0.829277934637068,1.0,4
4686,71,8,0,5,2,0.06600546540195407,0.1,4
4687,71,8,0,5,3,0.09943914206060767,0.2,4
4688,71,8,0,5,3,0.09943914206060762,0.3,4
4689,71,8,0,5,3,0.09943914206060767,0.4,4
4690,71,8,0,5,3,0.14829791346545884,0.5,4
4691,71,8,0,5,7,0.7149956031228648,1.0,4
4692,71,8,1,5,2,0.009365773360442475,0.1,4
4693,71,8,1,5,2,0.009365773360442475,0.2,4
4694,71,8,1,5,3,0.07290375711085266,0.3,4
4695,71,8,1,5,3,0.07290375711085256,0.4,4
4696,71,8,1,5,3,0.11506469698992457,0.5,4
4697,71,8,1,5,6,0.6618909061414208,1.0,4
4698,71,8,2,6,2,0.017441405420997813,0.1,4
4699,71,8,2,6,3,0.09943914206060767,0.2,4
4700,71,8,2,6,3,0.07290375711085256,0.3,4
4701,71,8,2,6,3,0.1304242055923083,0.4,4
4702,71,8,2,6,4,0.2859549133710179,0.5,4
4703,71,8,2,6,7,0.7092571175612744,1.0,4
4704,71,8,3,5,2,0.05898052571685719,0.1,4
4705,71,8,3,5,2,0.05898052571685719,0.2,4
4706,71,8,3,5,3,0.17401441045694255,0.3,4
4707,71,8,3,5,3,0.17401441045694244,0.4,4
4708,71,8,3,5,3,0.16963572729448528,0.5,4
4709,71,8,3,5,7,0.6494558525048781,1.0,4
4710,71,8,4,5,2,0.017441405420997813,0.1,4
4711,71,8,4,5,2,0.13152927727675712,0.2,4
4712,71,8,4,5,2,0.13152927727675712,0.3,4
4713,71,8,4,5,2,0.13152927727675712,0.4,4
4714,71,8,4,5,2,0.13152927727675712,0.5,4
4715,71,8,4,5,6,0.7267388962323975,1.0,4
4716,71,8,5,5,2,0.009365773360442475,0.1,4
4717,71,8,5,5,2,0.009365773360442475,0.2,4
4718,71,8,5,5,3,0.07290375711085266,0.3,4
4719,71,8,5,5,3,0.07290375711085266,0.4,4
4720,71,8,5,5,3,0.07290375711085256,0.5,4
4721,71,8,5,5,7,0.6882021028804697,1.0,4
4722,71,8,6,5,2,0.05898052571685719,0.1,4
4723,71,8,6,5,2,0.05898052571685719,0.2,4
4724,71,8,6,5,3,0.17401441045694238,0.3,4
4725,71,8,6,5,3,0.1740144104569424,0.4,4
4726,71,8,6,5,3,0.20757683465088722,0.5,4
4727,71,8,6,5,8,0.7912289310765329,1.0,4
4728,71,8,7,5,2,0.017441405420997813,0.1,4
4729,71,8,7,5,2,0.14861920498520287,0.2,4
4730,71,8,7,5,3,0.0729037571108527,0.3,4
4731,71,8,7,5,3,0.13042420559230822,0.4,4
4732,71,8,7,5,3,0.13042420559230822,0.5,4
4733,71,8,7,5,6,0.6374667735766002,1.0,4
4734,71,8,8,6,2,0.06600546540195407,0.1,4
4735,71,8,8,6,3,0.09943914206060767,0.2,4
4736,71,8,8,6,3,0.09943914206060768,0.3,4
4737,71,8,8,6,3,0.09943914206060762,0.4,4
4738,71,8,8,6,3,0.14829791346545915,0.5,4
4739,71,8,8,6,8,0.6678362220906983,1.0,4
4740,71,8,9,6,2,0.009365773360442475,0.1,4
4741,71,8,9,6,2,0.009365773360442475,0.2,4
4742,71,8,9,6,3,0.07290375711085269,0.3,4
4743,71,8,9,6,3,0.11723528433266209,0.4,4
4744,71,8,9,6,3,0.08943675929380476,0.5,4
4745,71,8,9,6,7,0.7092571175612743,1.0,4
4746,71,8,10,6,2,0.05898052571685719,0.1,4
4747,71,8,10,6,3,0.09943914206060762,0.2,4
4748,71,8,10,6,3,0.17401441045694255,0.3,4
4749,71,8,10,6,3,0.17401441045694246,0.4,4
4750,71,8,10,6,3,0.24194402326902356,0.5,4
4751,71,8,10,6,8,0.7308401155862502,1.0,4
4752,72,8,0,5,2,0.10976941281584396,0.1,4
4753,72,8,0,5,3,0.09943914206060764,0.2,4
4754,72,8,0,5,3,0.09943914206060767,0.3,4
4755,72,8,0,5,3,0.09943914206060767,0.4,4
4756,72,8,0,5,4,0.2090870747327091,0.5,4
4757,72,8,0,5,6,0.7481527171707605,1.0,4
4758,72,8,1,5,2,0.03439817405344736,0.1,4
4759,72,8,1,5,2,0.03439817405344736,0.2,4
4760,72,8,1,5,3,0.07290375711085266,0.3,4
4761,72,8,1,5,3,0.07290375711085266,0.4,4
4762,72,8,1,5,3,0.07290375711085266,0.5,4
4763,72,8,1,5,6,0.8148302916443135,1.0,4
4764,72,8,2,6,2,0.017441405420997813,0.1,4
4765,72,8,2,6,3,0.1255987903834147,0.2,4
4766,72,8,2,6,3,0.12559879038341468,0.3,4
4767,72,8,2,6,3,0.13042420559230822,0.4,4
4768,72,8,2,6,4,0.2526648953022496,0.5,4
4769,72,8,2,6,6,0.5363228851787921,1.0,4
4770,72,8,3,5,2,0.10274447313074708,0.1,4
4771,72,8,3,5,2,0.10274447313074708,0.2,4
4772,72,8,3,5,3,0.17401441045694255,0.3,4
4773,72,8,3,5,3,0.17401441045694246,0.4,4
4774,72,8,3,5,3,0.1696357272944854,0.5,4
4775,72,8,3,5,6,0.6570255956000969,1.0,4
4776,72,8,4,5,2,0.13152927727675712,0.1,4
4777,72,8,4,5,3,0.12559879038341473,0.2,4
4778,72,8,4,5,3,0.1255987903834147,0.3,4
4779,72,8,4,5,3,0.12559879038341465,0.4,4
4780,72,8,4,5,3,0.1255987903834147,0.5,4
4781,72,8,4,5,6,0.8148302916443139,1.0,4
4782,72,8,5,5,2,0.03439817405344736,0.1,4
4783,72,8,5,5,3,0.12559879038341473,0.2,4
4784,72,8,5,5,3,0.0729037571108527,0.3,4
4785,72,8,5,5,3,0.07290375711085263,0.4,4
4786,72,8,5,5,4,0.2526648953022495,0.5,4
4787,72,8,5,5,6,0.7094548475927338,1.0,4
4788,72,8,6,5,2,0.10274447313074708,0.1,4
4789,72,8,6,5,3,0.09795700008415968,0.2,4
4790,72,8,6,5,3,0.17401441045694246,0.3,4
4791,72,8,6,5,3,0.1189085130209098,0.4,4
4792,72,8,6,5,3,0.27261730180854427,0.5,4
4793,72,8,6,5,6,0.6111380356410132,1.0,4
4794,72,8,7,5,2,0.017441405420997813,0.1,4
4795,72,8,7,5,2,0.14861920498520287,0.2,4
4796,72,8,7,5,3,0.07290375711085256,0.3,4
4797,72,8,7,5,4,0.20759239901833404,0.4,4
4798,72,8,7,5,4,0.20759239901833393,0.5,4
4799,72,8,7,5,5,0.7246870041865131,1.0,4
4800,72,8,8,6,2,0.10976941281584396,0.1,4
4801,72,8,8,6,3,0.09943914206060762,0.2,4
4802,72,8,8,6,3,0.16002471096435744,0.3,4
4803,72,8,8,6,3,0.1600247109643574,0.4,4
4804,72,8,8,6,4,0.20908707473270913,0.5,4
4805,72,8,8,6,7,0.5262783210031793,1.0,4
4806,72,8,9,6,2,0.03439817405344736,0.1,4
4807,72,8,9,6,3,0.12559879038341473,0.2,4
4808,72,8,9,6,3,0.07290375711085263,0.3,4
4809,72,8,9,6,4,0.20759239901833407,0.4,4
4810,72,8,9,6,4,0.2526648953022492,0.5,4
4811,72,8,9,6,7,0.681585625908271,1.0,4
4812,72,8,10,6,2,0.10274447313074708,0.1,4
4813,72,8,10,6,3,0.1255987903834146,0.2,4
4814,72,8,10,6,3,0.17401441045694246,0.3,4
4815,72,8,10,6,4,0.20759239901833368,0.4,4
4816,72,8,10,6,4,0.2075923990183336,0.5,4
4817,72,8,10,6,6,0.674867309595415,1.0,4
4818,73,8,0,5,2,0.032449431670398265,0.1,4
4819,73,8,0,5,2,0.032449431670398265,0.2,4
4820,73,8,0,5,4,0.1703307561221915,0.3,4
4821,73,8,0,5,4,0.170330756122192,0.4,4
4822,73,8,0,5,4,0.24258497551536676,0.5,4
4823,73,8,0,5,6,0.9136231095453529,1.0,4
4824,73,8,1,5,2,0.10782067043279486,0.1,4
4825,73,8,1,5,3,0.0807996684321684,0.2,4
4826,73,8,1,5,3,0.1519017449038099,0.3,4
4827,73,8,1,5,4,0.28055023010968266,0.4,4
4828,73,8,1,5,4,0.2805502301096827,0.5,4
4829,73,8,1,5,6,0.8531748138628548,1.0,4
4830,73,8,2,6,3,0.03339333756175383,0.1,4
4831,73,8,2,6,3,0.1060383978025833,0.2,4
4832,73,8,2,6,4,0.18413121666566462,0.3,4
4833,73,8,2,6,4,0.18413121666566484,0.4,4
4834,73,8,2,6,4,0.18413121666566437,0.5,4
4835,73,8,2,6,8,0.9591874266052867,1.0,4
4836,73,8,3,5,2,0.03947437135549514,0.1,4
4837,73,8,3,5,3,0.07918309047197505,0.2,4
4838,73,8,3,5,3,0.1564819706374871,0.3,4
4839,73,8,3,5,3,0.15648197063748695,0.4,4
4840,73,8,3,5,4,0.31444349539199323,0.5,4
4841,73,8,3,5,6,0.7965481359599242,1.0,4
4842,73,8,4,5,2,0.13152927727675712,0.1,4
4843,73,8,4,5,2,0.13152927727675712,0.2,4
4844,73,8,4,5,3,0.0740259211380978,0.3,4
4845,73,8,4,5,3,0.17174463384618943,0.4,4
4846,73,8,4,5,3,0.16310290712229925,0.5,4
4847,73,8,4,5,7,0.8849645428572495,1.0,4
4848,73,8,5,5,2,0.10782067043279486,0.1,4
4849,73,8,5,5,3,0.08079966843216844,0.2,4
4850,73,8,5,5,4,0.1841312166656645,0.3,4
4851,73,8,5,5,4,0.1841312166656644,0.4,4
4852,73,8,5,5,4,0.18413121666566443,0.5,4
4853,73,8,5,5,6,0.8710005287935461,1.0,4
4854,73,8,6,5,2,0.03947437135549514,0.1,4
4855,73,8,6,5,3,0.07918309047197516,0.2,4
4856,73,8,6,5,3,0.07918309047197519,0.3,4
4857,73,8,6,5,4,0.18341552561779237,0.4,4
4858,73,8,6,5,4,0.3072639625287211,0.5,4
4859,73,8,6,5,6,0.7209051750305334,1.0,4
4860,73,8,7,5,2,0.050164307912850536,0.1,4
4861,73,8,7,5,3,0.10603839780258308,0.2,4
4862,73,8,7,5,4,0.18413121666566465,0.3,4
4863,73,8,7,5,4,0.18413121666566443,0.4,4
4864,73,8,7,5,4,0.18413121666566432,0.5,4
4865,73,8,7,5,6,0.7083476721082488,1.0,4
4866,73,8,8,6,2,0.032449431670398265,0.1,4
4867,73,8,8,6,3,0.07918309047197539,0.2,4
4868,73,8,8,6,3,0.14161781832326242,0.3,4
4869,73,8,8,6,4,0.1834155256177923,0.4,4
4870,73,8,8,6,4,0.24258497551536634,0.5,4
4871,73,8,8,6,7,0.9086579600687018,1.0,4
4872,73,8,9,6,2,0.10782067043279486,0.1,4
4873,73,8,9,6,3,0.08079966843216843,0.2,4
4874,73,8,9,6,4,0.18413121666566443,0.3,4
4875,73,8,9,6,4,0.28055023010968266,0.4,4
4876,73,8,9,6,4,0.28055023010968255,0.5,4
4877,73,8,9,6,6,0.7325762933232768,1.0,4
4878,73,8,10,6,2,0.03947437135549514,0.1,4
4879,73,8,10,6,2,0.03947437135549514,0.2,4
4880,73,8,10,6,4,0.17033075612219167,0.3,4
4881,73,8,10,6,4,0.17033075612219267,0.4,4
4882,73,8,10,6,4,0.17033075612219298,0.5,4
4883,73,8,10,6,8,0.9591874266052873,1.0,4
4884,74,8,0,5,2,0.08223248513221626,0.1,4
4885,74,8,0,5,3,0.14896436720565648,0.2,4
4886,74,8,0,5,3,0.1859755467311568,0.3,4
4887,74,8,0,5,3,0.2744565109358068,0.4,4
4888,74,8,0,5,4,0.3335200438913079,0.5,4
4889,74,8,0,5,7,1.0188692946280817,1.0,4
4890,74,8,1,5,2,0.10272635935218238,0.1,4
4891,74,8,1,5,3,0.10603839780258308,0.2,4
4892,74,8,1,5,3,0.1519017449038099,0.3,4
4893,74,8,1,5,4,0.28055023010968255,0.4,4
4894,74,8,1,5,4,0.2805502301096828,0.5,4
4895,74,8,1,5,6,0.7393604077556208,1.0,4
4896,74,8,2,6,2,0.0003812544510325422,0.1,4
4897,74,8,2,6,3,0.1060383978025832,0.2,4
4898,74,8,2,6,3,0.11114446429740976,0.3,4
4899,74,8,2,6,3,0.1519017449038098,0.4,4
4900,74,8,2,6,3,0.1519017449038098,0.5,4
4901,74,8,2,6,7,0.8293843331015751,1.0,4
4902,74,8,3,5,2,0.08925742481731314,0.1,4
4903,74,8,3,5,2,0.08925742481731314,0.2,4
4904,74,8,3,5,3,0.0841018926536917,0.3,4
4905,74,8,3,5,3,0.08410189265369192,0.4,4
4906,74,8,3,5,4,0.3335200438913078,0.5,4
4907,74,8,3,5,7,0.9091905182811485,1.0,4
4908,74,8,4,5,2,0.1166399242839935,0.1,4
4909,74,8,4,5,2,0.1166399242839935,0.2,4
4910,74,8,4,5,2,0.1166399242839935,0.3,4
4911,74,8,4,5,2,0.1166399242839935,0.4,4
4912,74,8,4,5,3,0.35452554828510685,0.5,4
4913,74,8,4,5,6,0.9017443092622566,1.0,4
4914,74,8,5,5,2,0.10272635935218238,0.1,4
4915,74,8,5,5,3,0.1060383978025832,0.2,4
4916,74,8,5,5,3,0.15190174490380992,0.3,4
4917,74,8,5,5,3,0.15190174490380992,0.4,4
4918,74,8,5,5,3,0.15190174490380992,0.5,4
4919,74,8,5,5,7,0.8293843331015754,1.0,4
4920,74,8,6,5,2,0.08925742481731314,0.1,4
4921,74,8,6,5,3,0.17146607517314785,0.2,4
4922,74,8,6,5,3,0.17724300339680957,0.3,4
4923,74,8,6,5,3,0.25736902566017544,0.4,4
4924,74,8,6,5,4,0.3769136241841594,0.5,4
4925,74,8,6,5,7,0.8954536984640482,1.0,4
4926,74,8,7,5,2,0.0003812544510325422,0.1,4
4927,74,8,7,5,3,0.1060383978025832,0.2,4
4928,74,8,7,5,3,0.11114446429740979,0.3,4
4929,74,8,7,5,4,0.28055023010968266,0.4,4
4930,74,8,7,5,4,0.28055023010968255,0.5,4
4931,74,8,7,5,6,0.9590972440749642,1.0,4
4932,74,8,8,6,2,0.08223248513221626,0.1,4
4933,74,8,8,6,3,0.17146607517314785,0.2,4
4934,74,8,8,6,3,0.18597554673115674,0.3,4
4935,74,8,8,6,3,0.2744565109358068,0.4,4
4936,74,8,8,6,4,0.37886822430487166,0.5,4
4937,74,8,8,6,7,0.8069223127678685,1.0,4
4938,74,8,9,6,2,0.10272635935218238,0.1,4
4939,74,8,9,6,3,0.10603839780258308,0.2,4
4940,74,8,9,6,3,0.15190174490380992,0.3,4
4941,74,8,9,6,4,0.28055023010968283,0.4,4
4942,74,8,9,6,4,0.28055023010968266,0.5,4
4943,74,8,9,6,7,0.8777708776034197,1.0,4
4944,74,8,10,6,2,0.08925742481731314,0.1,4
4945,74,8,10,6,2,0.08925742481731314,0.2,4
4946,74,8,10,6,3,0.0841018926536917,0.3,4
4947,74,8,10,6,3,0.08410189265369192,0.4,4
4948,74,8,10,6,4,0.33352004389130807,0.5,4
4949,74,8,10,6,7,1.0188692946280822,1.0,4
4950,75,5,0,5,2,0.06600546540195407,0.1,4
4951,75,5,0,5,3,0.09943914206060768,0.2,4
4952,75,5,0,5,3,0.09943914206060767,0.3,4
4953,75,5,0,5,3,0.09943914206060765,0.4,4
4954,75,5,0,5,3,0.1338323318112439,0.5,4
4955,75,5,0,5,5,0.6133051748448255,1.0,4
4956,75,5,1,5,2,0.009365773360442475,0.1,4
4957,75,5,1,5,2,0.009365773360442475,0.2,4
4958,75,5,1,5,2,0.009365773360442475,0.3,4
4959,75,5,1,5,3,0.13042420559230827,0.4,4
4960,75,5,1,5,3,0.13042420559230822,0.5,4
4961,75,5,1,5,5,0.636771915969534,1.0,4
4962,75,5,2,6,2,0.009365773360442475,0.1,4
4963,75,5,2,6,3,0.09943914206060767,0.2,4
4964,75,5,2,6,3,0.12978585539688128,0.3,4
4965,75,5,2,6,3,0.1304242055923083,0.4,4
4966,75,5,2,6,4,0.2859549133710172,0.5,4
4967,75,5,2,6,5,0.31743371493142575,1.0,4
4968,75,5,3,5,2,0.05898052571685719,0.1,4
4969,75,5,3,5,2,0.05898052571685719,0.2,4
4970,75,5,3,5,2,0.05898052571685719,0.3,4
4971,75,5,3,5,2,0.05898052571685719,0.4,4
4972,75,5,3,5,3,0.08943675929380435,0.5,4
4973,75,5,3,5,4,0.6059706281555615,1.0,4
4974,75,5,4,5,2,0.13152927727675712,0.1,4
4975,75,5,4,5,2,0.13152927727675712,0.2,4
4976,75,5,4,5,2,0.13152927727675712,0.3,4
4977,75,5,4,5,2,0.13152927727675712,0.4,4
4978,75,5,4,5,2,0.13152927727675712,0.5,4
4979,75,5,4,5,5,0.7071508812606467,1.0,4
4980,75,5,5,5,2,0.009365773360442475,0.1,4
4981,75,5,5,5,2,0.009365773360442475,0.2,4
4982,75,5,5,5,2,0.009365773360442475,0.3,4
4983,75,5,5,5,3,0.13042420559230827,0.4,4
4984,75,5,5,5,3,0.08943675929380406,0.5,4
4985,75,5,5,5,4,0.46848601681414165,1.0,4
4986,75,5,6,5,2,0.05898052571685719,0.1,4
4987,75,5,6,5,2,0.05898052571685719,0.2,4
4988,75,5,6,5,3,0.12878738941718615,0.3,4
4989,75,5,6,5,3,0.24194402326902434,0.4,4
4990,75,5,6,5,3,0.2726173018085444,0.5,4
4991,75,5,6,5,5,0.6933516004515509,1.0,4
4992,75,5,7,5,2,0.009365773360442475,0.1,4
4993,75,5,7,5,2,0.14861920498520287,0.2,4
4994,75,5,7,5,2,0.14861920498520287,0.3,4
4995,75,5,7,5,3,0.1304242055923083,0.4,4
4996,75,5,7,5,3,0.1304242055923083,0.5,4
4997,75,5,7,5,5,0.6367719159695335,1.0,4
4998,75,5,8,6,2,0.06600546540195407,0.1,4
4999,75,5,8,6,3,0.0994391420606077,0.2,4
5000,75,5,8,6,3,0.09943914206060761,0.3,4
5001,75,5,8,6,3,0.09943914206060764,0.4,4
5002,75,5,8,6,3,0.13383233181124332,0.5,4
5003,75,5,8,6,5,0.6208839872200267,1.0,4
5004,75,5,9,6,2,0.009365773360442475,0.1,4
5005,75,5,9,6,2,0.009365773360442475,0.2,4
5006,75,5,9,6,2,0.009365773360442475,0.3,4
5007,75,5,9,6,3,0.1304242055923083,0.4,4
5008,75,5,9,6,3,0.08943675929380476,0.5,4
5009,75,5,9,6,5,0.7113380217996609,1.0,4
5010,75,5,10,6,2,0.05898052571685719,0.1,4
5011,75,5,10,6,3,0.09943914206060767,0.2,4
5012,75,5,10,6,3,0.09943914206060762,0.3,4
5013,75,5,10,6,3,0.24194402326902395,0.4,4
5014,75,5,10,6,3,0.24194402326902428,0.5,4
5015,75,5,10,6,5,0.6133051748448254,1.0,4
5016,76,8,0,5,2,0.022233383677374485,0.1,4
5017,76,8,0,5,2,0.022233383677374485,0.2,4
5018,76,8,0,5,4,0.17033075612219173,0.3,4
5019,76,8,0,5,4,0.1703307561221923,0.4,4
5020,76,8,0,5,4,0.17033075612219184,0.5,4
5021,76,8,0,5,7,0.9041211851596974,1.0,4
5022,76,8,1,5,2,0.053137855085022,0.1,4
5023,76,8,1,5,3,0.08079966843216856,0.2,4
5024,76,8,1,5,3,0.08079966843216856,0.3,4
5025,76,8,1,5,4,0.2805502301096827,0.4,4
5026,76,8,1,5,4,0.28055023010968266,0.5,4
5027,76,8,1,5,5,0.717963381245622,1.0,4
5028,76,8,2,6,3,0.033393337561753667,0.1,4
5029,76,8,2,6,3,0.03339333756175383,0.2,4
5030,76,8,2,6,3,0.14666411036886184,0.3,4
5031,76,8,2,6,3,0.14666411036886184,0.4,4
5032,76,8,2,6,4,0.35108899331246096,0.5,4
5033,76,8,2,6,6,0.6715409793921263,1.0,4
5034,76,8,3,5,2,0.01520844399227761,0.1,4
5035,76,8,3,5,3,0.07918309047197519,0.2,4
5036,76,8,3,5,3,0.15648197063748706,0.3,4
5037,76,8,3,5,3,0.15648197063748706,0.4,4
5038,76,8,3,5,4,0.3144434953919932,0.5,4
5039,76,8,3,5,6,0.796548135959924,1.0,4
5040,76,8,4,5,2,0.10484712326062329,0.1,4
5041,76,8,4,5,2,0.10484712326062329,0.2,4
5042,76,8,4,5,2,0.10484712326062329,0.3,4
5043,76,8,4,5,3,0.17174463384618952,0.4,4
5044,76,8,4,5,3,0.2249055118580151,0.5,4
5045,76,8,4,5,6,0.8545046712705349,1.0,4
5046,76,8,5,5,2,0.053137855085022,0.1,4
5047,76,8,5,5,3,0.08079966843216872,0.2,4
5048,76,8,5,5,3,0.08079966843216844,0.3,4
5049,76,8,5,5,3,0.08079966843216839,0.4,4
5050,76,8,5,5,3,0.08079966843216874,0.5,4
5051,76,8,5,5,7,0.8765163772714308,1.0,4
5052,76,8,6,5,2,0.01520844399227761,0.1,4
5053,76,8,6,5,3,0.07918309047197519,0.2,4
5054,76,8,6,5,3,0.07918309047197537,0.3,4
5055,76,8,6,5,4,0.18341552561779226,0.4,4
5056,76,8,6,5,4,0.18341552561779229,0.5,4
5057,76,8,6,5,8,0.9198188378657784,1.0,4
5058,76,8,7,5,2,0.10484712326062329,0.1,4
5059,76,8,7,5,3,0.0791830904719754,0.2,4
5060,76,8,7,5,3,0.14666411036886162,0.3,4
5061,76,8,7,5,4,0.28055023010968266,0.4,4
5062,76,8,7,5,4,0.3144434953919929,0.5,4
5063,76,8,7,5,7,0.9372932452462961,1.0,4
5064,76,8,8,6,2,0.022233383677374485,0.1,4
5065,76,8,8,6,3,0.07918309047197539,0.2,4
5066,76,8,8,6,3,0.16412665700534027,0.3,4
5067,76,8,8,6,4,0.18341552561779234,0.4,4
5068,76,8,8,6,4,0.18341552561779234,0.5,4
5069,76,8,8,6,8,0.9198188378657771,1.0,4
5070,76,8,9,6,2,0.053137855085022,0.1,4
5071,76,8,9,6,3,0.08079966843216856,0.2,4
5072,76,8,9,6,4,0.17033075612219165,0.3,4
5073,76,8,9,6,4,0.28055023010968266,0.4,4
5074,76,8,9,6,4,0.28055023010968255,0.5,4
5075,76,8,9,6,7,0.9372932452462959,1.0,4
5076,76,8,10,6,2,0.01520844399227761,0.1,4
5077,76,8,10,6,2,0.01520844399227761,0.2,4
5078,76,8,10,6,4,0.17033075612219176,0.3,4
5079,76,8,10,6,4,0.17033075612219153,0.4,4
5080,76,8,10,6,4,0.17033075612219153,0.5,4
5081,76,8,10,6,7,0.8012944086572484,1.0,4
5082,77,8,0,5,2,0.027355120589785842,0.1,4
5083,77,8,0,5,3,0.1489643672056563,0.2,4
5084,77,8,0,5,3,0.1859755467311568,0.3,4
5085,77,8,0,5,4,0.24258497551536592,0.4,4
5086,77,8,0,5,5,0.3368099808510987,0.5,4
5087,77,8,0,5,7,0.9082939648017084,1.0,4
5088,77,8,1,5,2,0.10272635935218238,0.1,4
5089,77,8,1,5,3,0.10603839780258308,0.2,4
5090,77,8,1,5,3,0.15190174490380992,0.3,4
5091,77,8,1,5,4,0.2805502301096827,0.4,4
5092,77,8,1,5,4,0.28055023010968266,0.5,4
5093,77,8,1,5,7,0.8383852159019081,1.0,4
5094,77,8,2,6,2,0.05525861899346296,0.1,4
5095,77,8,2,6,3,0.1060383978025833,0.2,4
5096,77,8,2,6,3,0.11114446429740976,0.3,4
5097,77,8,2,6,3,0.11114446429740966,0.4,4
5098,77,8,2,6,4,0.2928452789223272,0.5,4
5099,77,8,2,6,6,0.9893575427586042,1.0,4
5100,77,8,3,5,2,0.03438006027488272,0.1,4
5101,77,8,3,5,2,0.03438006027488272,0.2,4
5102,77,8,3,5,3,0.0841018926536917,0.3,4
5103,77,8,3,5,3,0.08410189265369172,0.4,4
5104,77,8,3,5,4,0.3335200438913081,0.5,4
5105,77,8,3,5,6,1.0136597915612162,1.0,4
5106,77,8,4,5,2,0.055019654589847145,0.1,4
5107,77,8,4,5,2,0.055019654589847145,0.2,4
5108,77,8,4,5,2,0.055019654589847145,0.3,4
5109,77,8,4,5,3,0.17921629973566097,0.4,4
5110,77,8,4,5,4,0.3879604572152277,0.5,4
5111,77,8,4,5,7,0.8921808713992078,1.0,4
5112,77,8,5,5,2,0.10272635935218238,0.1,4
5113,77,8,5,5,3,0.1060383978025833,0.2,4
5114,77,8,5,5,3,0.15190174490381,0.3,4
5115,77,8,5,5,3,0.15190174490381,0.4,4
5116,77,8,5,5,4,0.4339893686356339,0.5,4
5117,77,8,5,5,6,1.04836395519145,1.0,4
5118,77,8,6,5,2,0.03438006027488272,0.1,4
5119,77,8,6,5,3,0.17146607517314755,0.2,4
5120,77,8,6,5,3,0.17724300339680954,0.3,4
5121,77,8,6,5,4,0.18341552561779234,0.4,4
5122,77,8,6,5,4,0.3769136241841595,0.5,4
5123,77,8,6,5,7,1.0218330066606123,1.0,4
5124,77,8,7,5,2,0.05525861899346296,0.1,4
5125,77,8,7,5,3,0.1060383978025832,0.2,4
5126,77,8,7,5,3,0.1111444642974096,0.3,4
5127,77,8,7,5,4,0.2805502301096828,0.4,4
5128,77,8,7,5,4,0.28055023010968255,0.5,4
5129,77,8,7,5,7,1.0757459125879565,1.0,4
5130,77,8,8,6,2,0.027355120589785842,0.1,4
5131,77,8,8,6,3,0.17146607517314766,0.2,4
5132,77,8,8,6,3,0.18597554673115674,0.3,4
5133,77,8,8,6,4,0.2425849755153667,0.4,4
5134,77,8,8,6,5,0.4157552647297137,0.5,4
5135,77,8,8,6,7,0.9352956939188245,1.0,4
5136,77,8,9,6,2,0.10272635935218238,0.1,4
5137,77,8,9,6,3,0.10603839780258324,0.2,4
5138,77,8,9,6,3,0.15190174490380992,0.3,4
5139,77,8,9,6,4,0.2805502301096825,0.4,4
5140,77,8,9,6,4,0.28055023010968255,0.5,4
5141,77,8,9,6,7,1.0757459125879558,1.0,4
5142,77,8,10,6,2,0.03438006027488272,0.1,4
5143,77,8,10,6,2,0.03438006027488272,0.2,4
5144,77,8,10,6,3,0.08410189265369175,0.3,4
5145,77,8,10,6,4,0.2425849755153665,0.4,4
5146,77,8,10,6,5,0.33680998085109826,0.5,4
5147,77,8,10,6,7,0.8248390680862591,1.0,4
5148,78,8,0,5,2,0.1097694128158444,0.1,4
5149,78,8,0,5,3,0.09943914206060767,0.2,4
5150,78,8,0,5,3,0.09943914206060764,0.3,4
5151,78,8,0,5,3,0.09943914206060764,0.4,4
5152,78,8,0,5,3,0.09943914206060762,0.5,4
5153,78,8,0,5,6,0.7481527171707607,1.0,4
5154,78,8,1,5,2,0.034398174053447805,0.1,4
5155,78,8,1,5,2,0.034398174053447805,0.2,4
5156,78,8,1,5,3,0.07290375711085256,0.3,4
5157,78,8,1,5,3,0.07290375711085267,0.4,4
5158,78,8,1,5,3,0.12081147570849234,0.5,4
5159,78,8,1,5,7,0.9041532899621446,1.0,4
5160,78,8,2,6,2,0.017441405420997813,0.1,4
5161,78,8,2,6,3,0.0994391420606077,0.2,4
5162,78,8,2,6,3,0.07290375711085256,0.3,4
5163,78,8,2,6,3,0.13042420559230827,0.4,4
5164,78,8,2,6,4,0.259742939761493,0.5,4
5165,78,8,2,6,7,0.7451262047016437,1.0,4
5166,78,8,3,5,2,0.10274447313074753,0.1,4
5167,78,8,3,5,2,0.10274447313074753,0.2,4
5168,78,8,3,5,3,0.17401441045694255,0.3,4
5169,78,8,3,5,3,0.1740144104569424,0.4,4
5170,78,8,3,5,3,0.1696357272944854,0.5,4
5171,78,8,3,5,7,0.6329830796482558,1.0,4
5172,78,8,4,5,2,0.017441405420997813,0.1,4
5173,78,8,4,5,2,0.14861920498520287,0.2,4
5174,78,8,4,5,2,0.14861920498520287,0.3,4
5175,78,8,4,5,2,0.14861920498520287,0.4,4
5176,78,8,4,5,2,0.14861920498520287,0.5,4
5177,78,8,4,5,6,0.7408800461201098,1.0,4
5178,78,8,5,5,2,0.034398174053447805,0.1,4
5179,78,8,5,5,2,0.034398174053447805,0.2,4
5180,78,8,5,5,3,0.07290375711085263,0.3,4
5181,78,8,5,5,3,0.07290375711085256,0.4,4
5182,78,8,5,5,3,0.07290375711085267,0.5,4
5183,78,8,5,5,7,0.7451262047016438,1.0,4
5184,78,8,6,5,2,0.10274447313074753,0.1,4
5185,78,8,6,5,2,0.10274447313074753,0.2,4
5186,78,8,6,5,3,0.17401441045694255,0.3,4
5187,78,8,6,5,3,0.18725166019469683,0.4,4
5188,78,8,6,5,3,0.1872516601946967,0.5,4
5189,78,8,6,5,7,0.6535135342546677,1.0,4
5190,78,8,7,5,2,0.017441405420997813,0.1,4
5191,78,8,7,5,2,0.14861920498520287,0.2,4
5192,78,8,7,5,3,0.07290375711085267,0.3,4
5193,78,8,7,5,3,0.1304242055923083,0.4,4
5194,78,8,7,5,3,0.13042420559230827,0.5,4
5195,78,8,7,5,6,0.8101568447550622,1.0,4
5196,78,8,8,6,2,0.1097694128158444,0.1,4
5197,78,8,8,6,3,0.09943914206060762,0.2,4
5198,78,8,8,6,3,0.09943914206060767,0.3,4
5199,78,8,8,6,3,0.09943914206060761,0.4,4
5200,78,8,8,6,4,0.2597429397614932,0.5,4
5201,78,8,8,6,7,0.6535135342546673,1.0,4
5202,78,8,9,6,2,0.034398174053447805,0.1,4
5203,78,8,9,6,2,0.034398174053447805,0.2,4
5204,78,8,9,6,3,0.07290375711085267,0.3,4
5205,78,8,9,6,3,0.07290375711085256,0.4,4
5206,78,8,9,6,3,0.15206372667881357,0.5,4
5207,78,8,9,6,7,0.7451262047016441,1.0,4
5208,78,8,10,6,2,0.10274447313074753,0.1,4
5209,78,8,10,6,3,0.09943914206060761,0.2,4
5210,78,8,10,6,3,0.17401441045694255,0.3,4
5211,78,8,10,6,3,0.17401441045694244,0.4,4
5212,78,8,10,6,4,0.2597429397614932,0.5,4
5213,78,8,10,6,6,0.674867309595414,1.0,4
5214,79,9,0,5,2,0.06517233416225099,0.1,4
5215,79,9,0,5,3,0.09943914206060765,0.2,4
5216,79,9,0,5,3,0.09943914206060767,0.3,4
5217,79,9,0,5,3,0.09943914206060767,0.4,4
5218,79,9,0,5,4,0.20908707473270918,0.5,4
5219,79,9,0,5,6,0.7481527171707607,1.0,4
5220,79,9,1,5,2,0.03439817405344736,0.1,4
5221,79,9,1,5,2,0.14054357292464753,0.2,4
5222,79,9,1,5,3,0.07290375711085256,0.3,4
5223,79,9,1,5,3,0.20618970634843248,0.4,4
5224,79,9,1,5,3,0.20618970634843248,0.5,4
5225,79,9,1,5,6,0.7817928779985435,1.0,4
5226,79,9,2,6,2,0.017441405420997813,0.1,4
5227,79,9,2,6,3,0.1255987903834147,0.2,4
5228,79,9,2,6,3,0.1255987903834147,0.3,4
5229,79,9,2,6,3,0.13042420559230822,0.4,4
5230,79,9,2,6,4,0.2526648953022493,0.5,4
5231,79,9,2,6,6,0.7817928779985437,1.0,4
5232,79,9,3,5,2,0.07219727384734786,0.1,4
5233,79,9,3,5,2,0.07219727384734786,0.2,4
5234,79,9,3,5,3,0.1740144104569424,0.3,4
5235,79,9,3,5,3,0.1740144104569424,0.4,4
5236,79,9,3,5,3,0.1740144104569424,0.5,4
5237,79,9,3,5,6,0.6570255956000969,1.0,4
5238,79,9,4,5,2,0.13152927727675712,0.1,4
5239,79,9,4,5,3,0.12559879038341465,0.2,4
5240,79,9,4,5,3,0.1255987903834147,0.3,4
5241,79,9,4,5,3,0.1255987903834147,0.4,4
5242,79,9,4,5,3,0.12559879038341482,0.5,4
5243,79,9,4,5,6,0.8148302916443132,1.0,4
5244,79,9,5,5,2,0.03439817405344736,0.1,4
5245,79,9,5,5,3,0.1255987903834147,0.2,4
5246,79,9,5,5,3,0.07290375711085256,0.3,4
5247,79,9,5,5,3,0.20618970634843248,0.4,4
5248,79,9,5,5,4,0.2526648953022493,0.5,4
5249,79,9,5,5,6,0.7094548475927338,1.0,4
5250,79,9,6,5,2,0.07219727384734786,0.1,4
5251,79,9,6,5,3,0.09795700008415911,0.2,4
5252,79,9,6,5,3,0.1740144104569424,0.3,4
5253,79,9,6,5,3,0.11890851302090909,0.4,4
5254,79,9,6,5,3,0.2726173018085444,0.5,4
5255,79,9,6,5,6,0.6111380356410132,1.0,4
5256,79,9,7,5,2,0.017441405420997813,0.1,4
5257,79,9,7,5,2,0.017441405420997813,0.2,4
5258,79,9,7,5,3,0.07290375711085256,0.3,4
5259,79,9,7,5,4,0.20759239901833418,0.4,4
5260,79,9,7,5,4,0.20759239901833373,0.5,4
5261,79,9,7,5,5,0.8069040435028533,1.0,4
5262,79,9,8,6,2,0.06517233416225099,0.1,4
5263,79,9,8,6,3,0.09943914206060767,0.2,4
5264,79,9,8,6,3,0.1600247109643568,0.3,4
5265,79,9,8,6,3,0.16002471096435691,0.4,4
5266,79,9,8,6,4,0.20908707473270907,0.5,4
5267,79,9,8,6,7,0.5262783210031793,1.0,4
5268,79,9,9,6,2,0.03439817405344736,0.1,4
5269,79,9,9,6,3,0.1255987903834147,0.2,4
5270,79,9,9,6,3,0.07290375711085256,0.3,4
5271,79,9,9,6,4,0.20759239901833412,0.4,4
5272,79,9,9,6,4,0.25266489530224967,0.5,4
5273,79,9,9,6,7,0.6815856259082709,1.0,4
5274,79,9,10,6,2,0.07219727384734786,0.1,4
5275,79,9,10,6,3,0.12559879038341462,0.2,4
5276,79,9,10,6,3,0.1740144104569424,0.3,4
5277,79,9,10,6,4,0.2075923990183336,0.4,4
5278,79,9,10,6,4,0.2075923990183335,0.5,4
5279,79,9,10,6,6,0.6748673095954151,1.0,4
5280,80,9,0,5,2,0.12314616795856992,0.1,4
5281,80,9,0,5,2,0.12314616795856992,0.2,4
5282,80,9,0,5,2,0.12314616795856992,0.3,4
5283,80,9,0,5,3,0.09919690976856181,0.4,4
5284,80,9,0,5,3,0.09919690976856181,0.5,4
5285,80,9,0,5,7,0.6753741620776601,1.0,4
5286,80,9,1,5,2,0.04777492919617343,0.1,4
5287,80,9,1,5,2,0.04777492919617343,0.2,4
5288,80,9,1,5,2,0.04777492919617343,0.3,4
5289,80,9,1,5,3,0.1636573876150001,0.4,4
5290,80,9,1,5,4,0.3307067859238696,0.5,4
5291,80,9,1,5,6,0.8175947249443024,1.0,4
5292,80,9,2,6,2,0.012328913193448643,0.1,4
5293,80,9,2,6,2,0.012328913193448643,0.2,4
5294,80,9,2,6,2,0.012328913193448643,0.3,4
5295,80,9,2,6,2,0.012328913193448643,0.4,4
5296,80,9,2,6,4,0.2597429397614931,0.5,4
5297,80,9,2,6,7,0.6934695532192603,1.0,4
5298,80,9,3,5,2,0.11612122827347304,0.1,4
5299,80,9,3,5,2,0.11612122827347304,0.2,4
5300,80,9,3,5,2,0.11612122827347304,0.3,4
5301,80,9,3,5,3,0.25401741648205406,0.4,4
5302,80,9,3,5,3,0.25401741648205406,0.5,4
5303,80,9,3,5,7,0.7029508810652855,1.0,4
5304,80,9,4,5,2,0.09299101548031863,0.1,4
5305,80,9,4,5,2,0.09299101548031863,0.2,4
5306,80,9,4,5,2,0.09299101548031863,0.3,4
5307,80,9,4,5,3,0.1636573876150001,0.4,4
5308,80,9,4,5,3,0.1636573876150002,0.5,4
5309,80,9,4,5,6,0.608362411141868,1.0,4
5310,80,9,5,5,2,0.04777492919617343,0.1,4
5311,80,9,5,5,2,0.04777492919617343,0.2,4
5312,80,9,5,5,2,0.04777492919617343,0.3,4
5313,80,9,5,5,2,0.04777492919617343,0.4,4
5314,80,9,5,5,3,0.17706186064476528,0.5,4
5315,80,9,5,5,7,0.7284671514626588,1.0,4
5316,80,9,6,5,2,0.11612122827347304,0.1,4
5317,80,9,6,5,3,0.08328097981463303,0.2,4
5318,80,9,6,5,3,0.0850378671690003,0.3,4
5319,80,9,6,5,3,0.22718059491084278,0.4,4
5320,80,9,6,5,3,0.22718059491084253,0.5,4
5321,80,9,6,5,7,0.7898441141516789,1.0,4
5322,80,9,7,5,2,0.012328913193448643,0.1,4
5323,80,9,7,5,2,0.012328913193448643,0.2,4
5324,80,9,7,5,3,0.0850378671690003,0.3,4
5325,80,9,7,5,3,0.22718059491084275,0.4,4
5326,80,9,7,5,4,0.315241241519655,0.5,4
5327,80,9,7,5,8,0.6911053438205838,1.0,4
5328,80,9,8,6,2,0.12314616795856992,0.1,4
5329,80,9,8,6,3,0.08328097981463307,0.2,4
5330,80,9,8,6,3,0.0850378671690003,0.3,4
5331,80,9,8,6,3,0.22718059491084253,0.4,4
5332,80,9,8,6,4,0.25974293976149293,0.5,4
5333,80,9,8,6,7,0.6842212711641102,1.0,4
5334,80,9,9,6,2,0.04777492919617343,0.1,4
5335,80,9,9,6,2,0.04777492919617343,0.2,4
5336,80,9,9,6,3,0.0850378671690003,0.3,4
5337,80,9,9,6,3,0.25401741648205406,0.4,4
5338,80,9,9,6,4,0.3152412415196548,0.5,4
5339,80,9,9,6,8,0.6911053438205839,1.0,4
5340,80,9,10,6,2,0.11612122827347304,0.1,4
5341,80,9,10,6,2,0.11612122827347304,0.2,4
5342,80,9,10,6,3,0.0850378671690003,0.3,4
5343,80,9,10,6,3,0.25401741648205406,0.4,4
5344,80,9,10,6,4,0.31524124151965494,0.5,4
5345,80,9,10,6,7,0.8144333032701302,1.0,4
5346,81,9,0,5,2,0.11784070001932567,0.1,4
5347,81,9,0,5,2,0.160167535422712,0.2,4
5348,81,9,0,5,3,0.09943914206060762,0.3,4
5349,81,9,0,5,3,0.09943914206060761,0.4,4
5350,81,9,0,5,3,0.09943914206060761,0.5,4
5351,81,9,0,5,6,0.7752617751073155,1.0,4
5352,81,9,1,5,2,0.08479629666031546,0.1,4
5353,81,9,1,5,2,0.08479629666031546,0.2,4
5354,81,9,1,5,2,0.08479629666031546,0.3,4
5355,81,9,1,5,3,0.13042420559230822,0.4,4
5356,81,9,1,5,3,0.11506469698992457,0.5,4
5357,81,9,1,5,7,0.7112300712071941,1.0,4
5358,81,9,2,6,2,0.08479629666031546,0.1,4
5359,81,9,2,6,2,0.14861920498520287,0.2,4
5360,81,9,2,6,3,0.09943914206060767,0.3,4
5361,81,9,2,6,3,0.13042420559230827,0.4,4
5362,81,9,2,6,4,0.2597429397614932,0.5,4
5363,81,9,2,6,9,0.8091947089452642,1.0,4
5364,81,9,3,5,2,0.1108157603342288,0.1,4
5365,81,9,3,5,2,0.15314259573761513,0.2,4
5366,81,9,3,5,2,0.15314259573761513,0.3,4
5367,81,9,3,5,3,0.25401741648205406,0.4,4
5368,81,9,3,5,3,0.25401741648205406,0.5,4
5369,81,9,3,5,7,0.7112708989390059,1.0,4
5370,81,9,4,5,0,inf,0.1,4
5371,81,9,4,5,2,0.14861920498520287,0.2,4
5372,81,9,4,5,2,0.14861920498520287,0.3,4
5373,81,9,4,5,2,0.14861920498520287,0.4,4
5374,81,9,4,5,2,0.14861920498520287,0.5,4
5375,81,9,4,5,7,0.7116910171749732,1.0,4
5376,81,9,5,5,2,0.08479629666031546,0.1,4
5377,81,9,5,5,2,0.08479629666031546,0.2,4
5378,81,9,5,5,2,0.08479629666031546,0.3,4
5379,81,9,5,5,3,0.11723528433266237,0.4,4
5380,81,9,5,5,3,0.11723528433266237,0.5,4
5381,81,9,5,5,8,0.7561896552517625,1.0,4
5382,81,9,6,5,2,0.1108157603342288,0.1,4
5383,81,9,6,5,2,0.15314259573761513,0.2,4
5384,81,9,6,5,2,0.15314259573761513,0.3,4
5385,81,9,6,5,3,0.22718059491084258,0.4,4
5386,81,9,6,5,3,0.1699174270662935,0.5,4
5387,81,9,6,5,7,0.777445074442425,1.0,4
5388,81,9,7,5,2,0.08479629666031546,0.1,4
5389,81,9,7,5,2,0.14861920498520287,0.2,4
5390,81,9,7,5,2,0.14861920498520287,0.3,4
5391,81,9,7,5,3,0.1304242055923083,0.4,4
5392,81,9,7,5,4,0.3152412415196548,0.5,4
5393,81,9,7,5,8,0.6911053438205831,1.0,4
5394,81,9,8,6,2,0.11784070001932567,0.1,4
5395,81,9,8,6,2,0.160167535422712,0.2,4
5396,81,9,8,6,3,0.09943914206060768,0.3,4
5397,81,9,8,6,3,0.0994391420606077,0.4,4
5398,81,9,8,6,4,0.25974293976149393,0.5,4
5399,81,9,8,6,9,0.8091947089452637,1.0,4
5400,81,9,9,6,2,0.08479629666031546,0.1,4
5401,81,9,9,6,2,0.08479629666031546,0.2,4
5402,81,9,9,6,2,0.08479629666031546,0.3,4
5403,81,9,9,6,3,0.11723528433266212,0.4,4
5404,81,9,9,6,4,0.3152412415196549,0.5,4
5405,81,9,9,6,8,0.6911053438205833,1.0,4
5406,81,9,10,6,2,0.1108157603342288,0.1,4
5407,81,9,10,6,2,0.15314259573761513,0.2,4
5408,81,9,10,6,3,0.0994391420606077,0.3,4
5409,81,9,10,6,3,0.25401741648205406,0.4,4
5410,81,9,10,6,4,0.315241241519655,0.5,4
5411,81,9,10,6,9,0.8091947089452639,1.0,4
5412,82,9,0,5,2,0.05367153006679837,0.1,4
5413,82,9,0,5,3,0.14896436720565637,0.2,4
5414,82,9,0,5,3,0.18597554673115674,0.3,4
5415,82,9,0,5,4,0.24258497551536665,0.4,4
5416,82,9,0,5,5,0.33680998085109853,0.5,4
5417,82,9,0,5,7,0.9082939648017088,1.0,4
5418,82,9,1,5,2,0.1290427688291949,0.1,4
5419,82,9,1,5,3,0.10603839780258308,0.2,4
5420,82,9,1,5,3,0.13050223578749798,0.3,4
5421,82,9,1,5,4,0.2805502301096829,0.4,4
5422,82,9,1,5,4,0.28055023010968266,0.5,4
5423,82,9,1,5,7,0.8383852159019074,1.0,4
5424,82,9,2,6,2,0.028942209516450434,0.1,4
5425,82,9,2,6,3,0.1060383978025833,0.2,4
5426,82,9,2,6,3,0.1111444642974096,0.3,4
5427,82,9,2,6,3,0.1519017449038098,0.4,4
5428,82,9,2,6,4,0.29284527892232765,0.5,4
5429,82,9,2,6,7,0.8293843331015752,1.0,4
5430,82,9,3,5,2,0.06069646975189524,0.1,4
5431,82,9,3,5,2,0.06069646975189524,0.2,4
5432,82,9,3,5,3,0.08410189265369172,0.3,4
5433,82,9,3,5,3,0.08410189265369172,0.4,4
5434,82,9,3,5,4,0.33352004389130796,0.5,4
5435,82,9,3,5,7,0.8954536984640483,1.0,4
5436,82,9,4,5,2,0.1166399242839935,0.1,4
5437,82,9,4,5,2,0.22434302054593558,0.2,4
5438,82,9,4,5,2,0.22434302054593558,0.3,4
5439,82,9,4,5,3,0.17921629973566094,0.4,4
5440,82,9,4,5,4,0.38796045721522776,0.5,4
5441,82,9,4,5,7,0.8921808713992077,1.0,4
5442,82,9,5,5,2,0.1290427688291949,0.1,4
5443,82,9,5,5,3,0.1060383978025832,0.2,4
5444,82,9,5,5,3,0.15190174490380995,0.3,4
5445,82,9,5,5,3,0.15190174490380992,0.4,4
5446,82,9,5,5,4,0.4339893686356339,0.5,4
5447,82,9,5,5,7,0.8293843331015753,1.0,4
5448,82,9,6,5,2,0.06069646975189524,0.1,4
5449,82,9,6,5,3,0.17146607517314755,0.2,4
5450,82,9,6,5,3,0.17724300339680918,0.3,4
5451,82,9,6,5,4,0.18341552561779237,0.4,4
5452,82,9,6,5,4,0.3769136241841594,0.5,4
5453,82,9,6,5,7,0.8954536984640485,1.0,4
5454,82,9,7,5,2,0.028942209516450434,0.1,4
5455,82,9,7,5,3,0.1060383978025833,0.2,4
5456,82,9,7,5,3,0.11114446429740961,0.3,4
5457,82,9,7,5,4,0.2805502301096827,0.4,4
5458,82,9,7,5,4,0.28055023010968255,0.5,4
5459,82,9,7,5,7,1.0757459125879558,1.0,4
5460,82,9,8,6,2,0.05367153006679837,0.1,4
5461,82,9,8,6,3,0.17146607517314782,0.2,4
5462,82,9,8,6,3,0.18597554673115677,0.3,4
5463,82,9,8,6,4,0.24258497551536654,0.4,4
5464,82,9,8,6,5,0.4157552647297137,0.5,4
5465,82,9,8,6,7,0.8069223127678682,1.0,4
5466,82,9,9,6,2,0.1290427688291949,0.1,4
5467,82,9,9,6,3,0.10603839780258345,0.2,4
5468,82,9,9,6,3,0.13050223578749798,0.3,4
5469,82,9,9,6,4,0.2805502301096829,0.4,4
5470,82,9,9,6,4,0.28055023010968266,0.5,4
5471,82,9,9,6,7,0.8777708776034198,1.0,4
5472,82,9,10,6,2,0.06069646975189524,0.1,4
5473,82,9,10,6,2,0.06069646975189524,0.2,4
5474,82,9,10,6,3,0.08410189265369172,0.3,4
5475,82,9,10,6,4,0.24258497551536679,0.4,4
5476,82,9,10,6,5,0.33680998085109826,0.5,4
5477,82,9,10,6,7,1.018869294628082,1.0,4
5478,83,9,0,5,2,0.06600546540195407,0.1,4
5479,83,9,0,5,3,0.09943914206060764,0.2,4
5480,83,9,0,5,3,0.09943914206060764,0.3,4
5481,83,9,0,5,3,0.09943914206060764,0.4,4
5482,83,9,0,5,4,0.20908707473270927,0.5,4
5483,83,9,0,5,6,0.656286043199195,1.0,4
5484,83,9,1,5,2,0.009365773360442475,0.1,4
5485,83,9,1,5,2,0.009365773360442475,0.2,4
5486,83,9,1,5,3,0.07290375711085256,0.3,4
5487,83,9,1,5,3,0.07290375711085266,0.4,4
5488,83,9,1,5,3,0.07290375711085266,0.5,4
5489,83,9,1,5,7,0.8336449222711038,1.0,4
5490,83,9,2,6,2,0.10484712326062329,0.1,4
5491,83,9,2,6,3,0.1255987903834147,0.2,4
5492,83,9,2,6,3,0.1255987903834147,0.3,4
5493,83,9,2,6,3,0.1304242055923083,0.4,4
5494,83,9,2,6,4,0.2859549133710168,0.5,4
5495,83,9,2,6,6,0.7317479243192562,1.0,4
5496,83,9,3,5,2,0.05898052571685719,0.1,4
5497,83,9,3,5,2,0.05898052571685719,0.2,4
5498,83,9,3,5,3,0.1740144104569424,0.3,4
5499,83,9,3,5,3,0.1740144104569424,0.4,4
5500,83,9,3,5,3,0.16963572729448528,0.5,4
5501,83,9,3,5,6,0.6570255956000971,1.0,4
5502,83,9,4,5,2,0.10484712326062329,0.1,4
5503,83,9,4,5,3,0.12559879038341473,0.2,4
5504,83,9,4,5,3,0.1255987903834147,0.3,4
5505,83,9,4,5,3,0.12559879038341473,0.4,4
5506,83,9,4,5,3,0.1255987903834147,0.5,4
5507,83,9,4,5,7,0.8336449222711036,1.0,4
5508,83,9,5,5,2,0.009365773360442475,0.1,4
5509,83,9,5,5,3,0.12559879038341468,0.2,4
5510,83,9,5,5,3,0.07290375711085256,0.3,4
5511,83,9,5,5,3,0.07290375711085256,0.4,4
5512,83,9,5,5,3,0.07290375711085256,0.5,4
5513,83,9,5,5,6,0.6956110772082825,1.0,4
5514,83,9,6,5,2,0.05898052571685719,0.1,4
5515,83,9,6,5,2,0.05898052571685719,0.2,4
5516,83,9,6,5,3,0.17401441045694244,0.3,4
5517,83,9,6,5,3,0.1189085130209091,0.4,4
5518,83,9,6,5,3,0.2726173018085444,0.5,4
5519,83,9,6,5,6,0.7061763094501015,1.0,4
5520,83,9,7,5,2,0.10484712326062329,0.1,4
5521,83,9,7,5,2,0.14861920498520287,0.2,4
5522,83,9,7,5,3,0.07290375711085256,0.3,4
5523,83,9,7,5,4,0.20759239901833373,0.4,4
5524,83,9,7,5,4,0.20759239901833423,0.5,4
5525,83,9,7,5,7,0.7627725655721459,1.0,4
5526,83,9,8,6,2,0.06600546540195407,0.1,4
5527,83,9,8,6,3,0.09943914206060764,0.2,4
5528,83,9,8,6,3,0.09943914206060764,0.3,4
5529,83,9,8,6,3,0.09943914206060767,0.4,4
5530,83,9,8,6,4,0.20908707473270927,0.5,4
5531,83,9,8,6,7,0.5784419127355181,1.0,4
5532,83,9,9,6,2,0.009365773360442475,0.1,4
5533,83,9,9,6,3,0.1255987903834147,0.2,4
5534,83,9,9,6,3,0.07290375711085256,0.3,4
5535,83,9,9,6,4,0.20759239901833398,0.4,4
5536,83,9,9,6,4,0.20759239901833404,0.5,4
5537,83,9,9,6,7,0.7627725655721459,1.0,4
5538,83,9,10,6,2,0.05898052571685719,0.1,4
5539,83,9,10,6,3,0.09943914206060764,0.2,4
5540,83,9,10,6,3,0.1740144104569424,0.3,4
5541,83,9,10,6,4,0.207592399018334,0.4,4
5542,83,9,10,6,4,0.20908707473270938,0.5,4
5543,83,9,10,6,7,0.658914764258419,1.0,4
5544,84,9,0,5,2,0.10976941281584396,0.1,4
5545,84,9,0,5,3,0.0994391420606077,0.2,4
5546,84,9,0,5,3,0.0994391420606077,0.3,4
5547,84,9,0,5,3,0.0994391420606077,0.4,4
5548,84,9,0,5,4,0.2090870747327093,0.5,4
5549,84,9,0,5,6,0.6562860431991949,1.0,4
5550,84,9,1,5,2,0.03439817405344736,0.1,4
5551,84,9,1,5,2,0.03439817405344736,0.2,4
5552,84,9,1,5,3,0.07290375711085266,0.3,4
5553,84,9,1,5,3,0.07290375711085266,0.4,4
5554,84,9,1,5,3,0.07290375711085266,0.5,4
5555,84,9,1,5,7,0.8336449222711036,1.0,4
5556,84,9,2,6,2,0.017441405420997813,0.1,4
5557,84,9,2,6,3,0.1255987903834147,0.2,4
5558,84,9,2,6,3,0.1255987903834147,0.3,4
5559,84,9,2,6,3,0.13042420559230822,0.4,4
5560,84,9,2,6,4,0.28595491337101686,0.5,4
5561,84,9,2,6,6,0.7317479243192564,1.0,4
5562,84,9,3,5,2,0.10274447313074708,0.1,4
5563,84,9,3,5,2,0.10274447313074708,0.2,4
5564,84,9,3,5,3,0.17401441045694255,0.3,4
5565,84,9,3,5,3,0.17401441045694255,0.4,4
5566,84,9,3,5,3,0.1696357272944853,0.5,4
5567,84,9,3,5,6,0.657025595600097,1.0,4
5568,84,9,4,5,2,0.13152927727675712,0.1,4
5569,84,9,4,5,3,0.1255987903834147,0.2,4
5570,84,9,4,5,3,0.1255987903834147,0.3,4
5571,84,9,4,5,3,0.1255987903834147,0.4,4
5572,84,9,4,5,3,0.1255987903834147,0.5,4
5573,84,9,4,5,7,0.8336449222711035,1.0,4
5574,84,9,5,5,2,0.03439817405344736,0.1,4
5575,84,9,5,5,3,0.1255987903834147,0.2,4
5576,84,9,5,5,3,0.07290375711085266,0.3,4
5577,84,9,5,5,3,0.07290375711085266,0.4,4
5578,84,9,5,5,3,0.07290375711085266,0.5,4
5579,84,9,5,5,6,0.6956110772082826,1.0,4
5580,84,9,6,5,2,0.10274447313074708,0.1,4
5581,84,9,6,5,2,0.10274447313074708,0.2,4
5582,84,9,6,5,3,0.17401441045694255,0.3,4
5583,84,9,6,5,3,0.1189085130209091,0.4,4
5584,84,9,6,5,3,0.2726173018085444,0.5,4
5585,84,9,6,5,6,0.7061763094501028,1.0,4
5586,84,9,7,5,2,0.017441405420997813,0.1,4
5587,84,9,7,5,2,0.14861920498520287,0.2,4
5588,84,9,7,5,3,0.07290375711085266,0.3,4
5589,84,9,7,5,4,0.20759239901833396,0.4,4
5590,84,9,7,5,4,0.20759239901833404,0.5,4
5591,84,9,7,5,7,0.7627725655721456,1.0,4
5592,84,9,8,6,2,0.10976941281584396,0.1,4
5593,84,9,8,6,3,0.0994391420606077,0.2,4
5594,84,9,8,6,3,0.0994391420606077,0.3,4
5595,84,9,8,6,3,0.0994391420606077,0.4,4
5596,84,9,8,6,4,0.20908707473270927,0.5,4
5597,84,9,8,6,7,0.5784419127355184,1.0,4
5598,84,9,9,6,2,0.03439817405344736,0.1,4
5599,84,9,9,6,3,0.1255987903834147,0.2,4
5600,84,9,9,6,3,0.07290375711085266,0.3,4
5601,84,9,9,6,4,0.20759239901833373,0.4,4
5602,84,9,9,6,4,0.2075923990183342,0.5,4
5603,84,9,9,6,7,0.6815856259082705,1.0,4
5604,84,9,10,6,2,0.10274447313074708,0.1,4
5605,84,9,10,6,3,0.0994391420606077,0.2,4
5606,84,9,10,6,3,0.17401441045694255,0.3,4
5607,84,9,10,6,4,0.20759239901833407,0.4,4
5608,84,9,10,6,4,0.20908707473270904,0.5,4
5609,84,9,10,6,7,0.6589147642584186,1.0,4
5610,85,9,0,5,2,0.032449431670398265,0.1,4
5611,85,9,0,5,2,0.032449431670398265,0.2,4
5612,85,9,0,5,4,0.17033075612219262,0.3,4
5613,85,9,0,5,4,0.17033075612219162,0.4,4
5614,85,9,0,5,4,0.24258497551536662,0.5,4
5615,85,9,0,5,7,0.9041211851596971,1.0,4
5616,85,9,1,5,2,0.10782067043279486,0.1,4
5617,85,9,1,5,3,0.08079966843216856,0.2,4
5618,85,9,1,5,3,0.1519017449038099,0.3,4
5619,85,9,1,5,4,0.28055023010968255,0.4,4
5620,85,9,1,5,4,0.2805502301096826,0.5,4
5621,85,9,1,5,6,0.6898378922317181,1.0,4
5622,85,9,2,6,3,0.03339333756175383,0.1,4
5623,85,9,2,6,3,0.10603839780258324,0.2,4
5624,85,9,2,6,4,0.18413121666566437,0.3,4
5625,85,9,2,6,4,0.18413121666566443,0.4,4
5626,85,9,2,6,4,0.18413121666566443,0.5,4
5627,85,9,2,6,7,0.7577643083020665,1.0,4
5628,85,9,3,5,2,0.03947437135549514,0.1,4
5629,85,9,3,5,3,0.07918309047197507,0.2,4
5630,85,9,3,5,3,0.1564819706374869,0.3,4
5631,85,9,3,5,3,0.1564819706374869,0.4,4
5632,85,9,3,5,4,0.3144434953919929,0.5,4
5633,85,9,3,5,7,0.8150713649143806,1.0,4
5634,85,9,4,5,2,0.055019654589847145,0.1,4
5635,85,9,4,5,2,0.055019654589847145,0.2,4
5636,85,9,4,5,2,0.055019654589847145,0.3,4
5637,85,9,4,5,3,0.17174463384618952,0.4,4
5638,85,9,4,5,3,0.163102907122299,0.5,4
5639,85,9,4,5,7,0.8849645428572497,1.0,4
5640,85,9,5,5,2,0.10782067043279486,0.1,4
5641,85,9,5,5,3,0.08079966843216844,0.2,4
5642,85,9,5,5,4,0.18413121666566443,0.3,4
5643,85,9,5,5,4,0.18413121666566443,0.4,4
5644,85,9,5,5,4,0.18413121666566443,0.5,4
5645,85,9,5,5,7,0.7865016667584782,1.0,4
5646,85,9,6,5,2,0.03947437135549514,0.1,4
5647,85,9,6,5,3,0.07918309047197507,0.2,4
5648,85,9,6,5,3,0.07918309047197507,0.3,4
5649,85,9,6,5,4,0.18341552561779245,0.4,4
5650,85,9,6,5,4,0.3072639625287204,0.5,4
5651,85,9,6,5,7,0.8789952512789022,1.0,4
5652,85,9,7,5,2,0.050164307912850536,0.1,4
5653,85,9,7,5,3,0.10603839780258324,0.2,4
5654,85,9,7,5,4,0.18413121666566443,0.3,4
5655,85,9,7,5,4,0.18413121666566443,0.4,4
5656,85,9,7,5,4,0.18413121666566443,0.5,4
5657,85,9,7,5,6,0.8005219261295184,1.0,4
5658,85,9,8,6,2,0.032449431670398265,0.1,4
5659,85,9,8,6,3,0.07918309047197519,0.2,4
5660,85,9,8,6,3,0.14161781832326242,0.3,4
5661,85,9,8,6,4,0.18341552561779248,0.4,4
5662,85,9,8,6,4,0.24258497551536662,0.5,4
5663,85,9,8,6,8,0.9284146035119041,1.0,4
5664,85,9,9,6,2,0.10782067043279486,0.1,4
5665,85,9,9,6,3,0.08079966843216856,0.2,4
5666,85,9,9,6,4,0.18413121666566437,0.3,4
5667,85,9,9,6,4,0.28055023010968266,0.4,4
5668,85,9,9,6,4,0.28055023010968255,0.5,4
5669,85,9,9,6,7,0.786501666758479,1.0,4
5670,85,9,10,6,2,0.03947437135549514,0.1,4
5671,85,9,10,6,2,0.03947437135549514,0.2,4
5672,85,9,10,6,4,0.17033075612219173,0.3,4
5673,85,9,10,6,4,0.17033075612219092,0.4,4
5674,85,9,10,6,4,0.17033075612219156,0.5,4
5675,85,9,10,6,7,0.8872275292241552,1.0,4
5676,86,5,0,5,2,0.05367153006679848,0.1,4
5677,86,5,0,5,2,0.05367153006679848,0.2,4
5678,86,5,0,5,3,0.08410189265369168,0.3,4
5679,86,5,0,5,3,0.2744565109358071,0.4,4
5680,86,5,0,5,3,0.2744565109358071,0.5,4
5681,86,5,0,5,5,0.7570770842823676,1.0,4
5682,86,5,1,5,2,0.12904276882919508,0.1,4
5683,86,5,1,5,2,0.12904276882919508,0.2,4
5684,86,5,1,5,3,0.13050223578749798,0.3,4
5685,86,5,1,5,3,0.13050223578749795,0.4,4
5686,86,5,1,5,3,0.13050223578749798,0.5,4
5687,86,5,1,5,4,0.5235048682821872,1.0,4
5688,86,5,2,6,2,0.028942209516450323,0.1,4
5689,86,5,2,6,2,0.028942209516450323,0.2,4
5690,86,5,2,6,3,0.1859755467311566,0.3,4
5691,86,5,2,6,3,0.18597554673115674,0.4,4
5692,86,5,2,6,3,0.15160016265687767,0.5,4
5693,86,5,2,6,5,0.6865057981492626,1.0,4
5694,86,5,3,5,2,0.060696469751895354,0.1,4
5695,86,5,3,5,2,0.060696469751895354,0.2,4
5696,86,5,3,5,3,0.08410189265369192,0.3,4
5697,86,5,3,5,3,0.08410189265369172,0.4,4
5698,86,5,3,5,3,0.08410189265369172,0.5,4
5699,86,5,3,5,5,0.6570485391114842,1.0,4
5700,86,5,4,5,2,0.028942209516450323,0.1,4
5701,86,5,4,5,2,0.22434302054593558,0.2,4
5702,86,5,4,5,2,0.22434302054593558,0.3,4
5703,86,5,4,5,2,0.22434302054593558,0.4,4
5704,86,5,4,5,2,0.22434302054593558,0.5,4
5705,86,5,4,5,5,0.8226495917166081,1.0,4
5706,86,5,5,5,2,0.12904276882919508,0.1,4
5707,86,5,5,5,2,0.12904276882919508,0.2,4
5708,86,5,5,5,3,0.1271288033528141,0.3,4
5709,86,5,5,5,3,0.12712880335281415,0.4,4
5710,86,5,5,5,3,0.1516001626568777,0.5,4
5711,86,5,5,5,5,0.6865057981492623,1.0,4
5712,86,5,6,5,2,0.060696469751895354,0.1,4
5713,86,5,6,5,3,0.17146607517314782,0.2,4
5714,86,5,6,5,3,0.12712880335281476,0.3,4
5715,86,5,6,5,3,0.25736902566017605,0.4,4
5716,86,5,6,5,3,0.25736902566017594,0.5,4
5717,86,5,6,5,5,0.6111252795421344,1.0,4
5718,86,5,7,5,2,0.028942209516450323,0.1,4
5719,86,5,7,5,2,0.028942209516450323,0.2,4
5720,86,5,7,5,3,0.13050223578749803,0.3,4
5721,86,5,7,5,3,0.13050223578749795,0.4,4
5722,86,5,7,5,3,0.15160016265687773,0.5,4
5723,86,5,7,5,4,0.4189699498875878,1.0,4
5724,86,5,8,6,2,0.05367153006679848,0.1,4
5725,86,5,8,6,3,0.17146607517314782,0.2,4
5726,86,5,8,6,3,0.18597554673115657,0.3,4
5727,86,5,8,6,3,0.2744565109358071,0.4,4
5728,86,5,8,6,3,0.27445651093580686,0.5,4
5729,86,5,8,6,5,0.7906596283352809,1.0,4
5730,86,5,9,6,2,0.12904276882919508,0.1,4
5731,86,5,9,6,2,0.12904276882919508,0.2,4
5732,86,5,9,6,3,0.1305022357874981,0.3,4
5733,86,5,9,6,3,0.13050223578749795,0.4,4
5734,86,5,9,6,3,0.13050223578749798,0.5,4
5735,86,5,9,6,5,0.6865057981492618,1.0,4
5736,86,5,10,6,2,0.060696469751895354,0.1,4
5737,86,5,10,6,2,0.060696469751895354,0.2,4
5738,86,5,10,6,3,0.0841018926536917,0.3,4
5739,86,5,10,6,3,0.257369025660176,0.4,4
5740,86,5,10,6,3,0.257369025660176,0.5,4
5741,86,5,10,6,5,0.7570770842823672,1.0,4
5742,87,9,0,5,2,0.06228327668805833,0.1,4
5743,87,9,0,5,2,0.06228327668805833,0.2,4
5744,87,9,0,5,4,0.1703307561221918,0.3,4
5745,87,9,0,5,4,0.170330756122192,0.4,4
5746,87,9,0,5,4,0.24258497551536676,0.5,4
5747,87,9,0,5,7,0.9041211851596971,1.0,4
5748,87,9,1,5,2,0.013087962074338155,0.1,4
5749,87,9,1,5,3,0.0807996684321684,0.2,4
5750,87,9,1,5,3,0.15190174490380987,0.3,4
5751,87,9,1,5,4,0.2805502301096826,0.4,4
5752,87,9,1,5,4,0.2805502301096825,0.5,4
5753,87,9,1,5,5,0.7179633812456222,1.0,4
5754,87,9,2,6,3,0.03339333756175375,0.1,4
5755,87,9,2,6,3,0.1060383978025832,0.2,4
5756,87,9,2,6,4,0.18413121666566437,0.3,4
5757,87,9,2,6,4,0.18413121666566457,0.4,4
5758,87,9,2,6,4,0.18413121666566437,0.5,4
5759,87,9,2,6,8,0.9591874266052872,1.0,4
5760,87,9,3,5,2,0.055258337002961455,0.1,4
5761,87,9,3,5,3,0.07918309047197507,0.2,4
5762,87,9,3,5,3,0.1564819706374871,0.3,4
5763,87,9,3,5,3,0.1564819706374871,0.4,4
5764,87,9,3,5,4,0.3144434953919932,0.5,4
5765,87,9,3,5,6,0.796548135959924,1.0,4
5766,87,9,4,5,2,0.14489701627130713,0.1,4
5767,87,9,4,5,2,0.14489701627130713,0.2,4
5768,87,9,4,5,2,0.14489701627130713,0.3,4
5769,87,9,4,5,3,0.1717446338461894,0.4,4
5770,87,9,4,5,3,0.31877343118058565,0.5,4
5771,87,9,4,5,7,0.8849645428572498,1.0,4
5772,87,9,5,5,2,0.013087962074338155,0.1,4
5773,87,9,5,5,3,0.0807996684321684,0.2,4
5774,87,9,5,5,4,0.18413121666566437,0.3,4
5775,87,9,5,5,4,0.18413121666566437,0.4,4
5776,87,9,5,5,4,0.18413121666566437,0.5,4
5777,87,9,5,5,6,0.8710005287935458,1.0,4
5778,87,9,6,5,2,0.055258337002961455,0.1,4
5779,87,9,6,5,3,0.07918309047197507,0.2,4
5780,87,9,6,5,3,0.07918309047197507,0.3,4
5781,87,9,6,5,4,0.18341552561779237,0.4,4
5782,87,9,6,5,4,0.30726396252872035,0.5,4
5783,87,9,6,5,6,0.7209051750305338,1.0,4
5784,87,9,7,5,2,0.14489701627130713,0.1,4
5785,87,9,7,5,3,0.10603839780258345,0.2,4
5786,87,9,7,5,4,0.1841312166656649,0.3,4
5787,87,9,7,5,4,0.1841312166656645,0.4,4
5788,87,9,7,5,4,0.18413121666566434,0.5,4
5789,87,9,7,5,6,0.7083476721082488,1.0,4
5790,87,9,8,6,2,0.06228327668805833,0.1,4
5791,87,9,8,6,3,0.07918309047197507,0.2,4
5792,87,9,8,6,3,0.1416178183232624,0.3,4
5793,87,9,8,6,4,0.18341552561779217,0.4,4
5794,87,9,8,6,4,0.2425849755153666,0.5,4
5795,87,9,8,6,7,0.9086579600687017,1.0,4
5796,87,9,9,6,2,0.013087962074338155,0.1,4
5797,87,9,9,6,3,0.0807996684321684,0.2,4
5798,87,9,9,6,4,0.18413121666566462,0.3,4
5799,87,9,9,6,4,0.2805502301096827,0.4,4
5800,87,9,9,6,4,0.28055023010968266,0.5,4
5801,87,9,9,6,6,0.7325762933232773,1.0,4
5802,87,9,10,6,2,0.055258337002961455,0.1,4
5803,87,9,10,6,2,0.055258337002961455,0.2,4
5804,87,9,10,6,4,0.17033075612219167,0.3,4
5805,87,9,10,6,4,0.17033075612219176,0.4,4
5806,87,9,10,6,4,0.17033075612219153,0.5,4
5807,87,9,10,6,8,0.9591874266052872,1.0,4
5808,88,9,0,5,2,0.022233383677374485,0.1,4
5809,88,9,0,5,2,0.022233383677374485,0.2,4
5810,88,9,0,5,3,0.15648197063748712,0.3,4
5811,88,9,0,5,3,0.15648197063748712,0.4,4
5812,88,9,0,5,4,0.24258497551536662,0.5,4
5813,88,9,0,5,6,0.799844863532821,1.0,4
5814,88,9,1,5,2,0.053137855085022,0.1,4
5815,88,9,1,5,3,0.0807996684321684,0.2,4
5816,88,9,1,5,3,0.0807996684321684,0.3,4
5817,88,9,1,5,3,0.0807996684321684,0.4,4
5818,88,9,1,5,3,0.19496580915758546,0.5,4
5819,88,9,1,5,6,0.780380652697854,1.0,4
5820,88,9,2,6,3,0.03339333756175375,0.1,4
5821,88,9,2,6,3,0.10603839780258308,0.2,4
5822,88,9,2,6,4,0.18413121666566462,0.3,4
5823,88,9,2,6,4,0.18413121666566484,0.4,4
5824,88,9,2,6,4,0.18413121666566437,0.5,4
5825,88,9,2,6,6,0.7314574816871227,1.0,4
5826,88,9,3,5,2,0.01520844399227761,0.1,4
5827,88,9,3,5,2,0.01520844399227761,0.2,4
5828,88,9,3,5,3,0.1564819706374871,0.3,4
5829,88,9,3,5,3,0.1564819706374871,0.4,4
5830,88,9,3,5,3,0.1564819706374869,0.5,4
5831,88,9,3,5,6,0.7159537823053002,1.0,4
5832,88,9,4,5,2,0.011922379891523782,0.1,4
5833,88,9,4,5,2,0.011922379891523782,0.2,4
5834,88,9,4,5,2,0.011922379891523782,0.3,4
5835,88,9,4,5,3,0.17174463384618952,0.4,4
5836,88,9,4,5,3,0.16310290712229875,0.5,4
5837,88,9,4,5,6,0.8562029261486821,1.0,4
5838,88,9,5,5,2,0.053137855085022,0.1,4
5839,88,9,5,5,3,0.0807996684321684,0.2,4
5840,88,9,5,5,4,0.18413121666566437,0.3,4
5841,88,9,5,5,4,0.18413121666566437,0.4,4
5842,88,9,5,5,4,0.18413121666566457,0.5,4
5843,88,9,5,5,6,0.8710005287935458,1.0,4
5844,88,9,6,5,2,0.01520844399227761,0.1,4
5845,88,9,6,5,2,0.01520844399227761,0.2,4
5846,88,9,6,5,3,0.17724300339680937,0.3,4
5847,88,9,6,5,3,0.17724300339680957,0.4,4
5848,88,9,6,5,4,0.30726396252872146,0.5,4
5849,88,9,6,5,7,0.8390857177265992,1.0,4
5850,88,9,7,5,2,0.10484712326062329,0.1,4
5851,88,9,7,5,3,0.10603839780258324,0.2,4
5852,88,9,7,5,4,0.18413121666566457,0.3,4
5853,88,9,7,5,4,0.1841312166656649,0.4,4
5854,88,9,7,5,4,0.1841312166656649,0.5,4
5855,88,9,7,5,6,0.7325762933232772,1.0,4
5856,88,9,8,6,2,0.022233383677374485,0.1,4
5857,88,9,8,6,2,0.022233383677374485,0.2,4
5858,88,9,8,6,3,0.1772430033968093,0.3,4
5859,88,9,8,6,3,0.17724300339680935,0.4,4
5860,88,9,8,6,4,0.24258497551536676,0.5,4
5861,88,9,8,6,7,0.8390857177265998,1.0,4
5862,88,9,9,6,2,0.053137855085022,0.1,4
5863,88,9,9,6,3,0.0807996684321684,0.2,4
5864,88,9,9,6,4,0.18413121666566462,0.3,4
5865,88,9,9,6,4,0.1841312166656645,0.4,4
5866,88,9,9,6,4,0.18413121666566457,0.5,4
5867,88,9,9,6,6,0.7325762933232767,1.0,4
5868,88,9,10,6,2,0.01520844399227761,0.1,4
5869,88,9,10,6,2,0.01520844399227761,0.2,4
5870,88,9,10,6,3,0.1564819706374871,0.3,4
5871,88,9,10,6,3,0.15648197063748706,0.4,4
5872,88,9,10,6,4,0.24258497551536645,0.5,4
5873,88,9,10,6,6,0.8562029261486821,1.0,4
5874,89,9,0,5,2,0.027355120589785842,0.1,4
5875,89,9,0,5,2,0.027355120589785842,0.2,4
5876,89,9,0,5,4,0.17033075612219273,0.3,4
5877,89,9,0,5,4,0.17033075612219215,0.4,4
5878,89,9,0,5,4,0.24258497551536637,0.5,4
5879,89,9,0,5,7,0.860768027383309,1.0,4
5880,89,9,1,5,2,0.10272635935218238,0.1,4
5881,89,9,1,5,3,0.08079966843216839,0.2,4
5882,89,9,1,5,3,0.15190174490380992,0.3,4
5883,89,9,1,5,4,0.2805502301096827,0.4,4
5884,89,9,1,5,4,0.28055023010968266,0.5,4
5885,89,9,1,5,6,0.6898378922317181,1.0,4
5886,89,9,2,6,3,0.03339333756175383,0.1,4
5887,89,9,2,6,3,0.1060383978025832,0.2,4
5888,89,9,2,6,4,0.18413121666566465,0.3,4
5889,89,9,2,6,4,0.18413121666566465,0.4,4
5890,89,9,2,6,4,0.18413121666566465,0.5,4
5891,89,9,2,6,7,0.7865016667584788,1.0,4
5892,89,9,3,5,2,0.03438006027488272,0.1,4
5893,89,9,3,5,3,0.07918309047197539,0.2,4
5894,89,9,3,5,3,0.1564819706374869,0.3,4
5895,89,9,3,5,3,0.08410189265369172,0.4,4
5896,89,9,3,5,4,0.3144434953919932,0.5,4
5897,89,9,3,5,7,0.8150713649143814,1.0,4
5898,89,9,4,5,2,0.055019654589847145,0.1,4
5899,89,9,4,5,2,0.055019654589847145,0.2,4
5900,89,9,4,5,2,0.055019654589847145,0.3,4
5901,89,9,4,5,3,0.17174463384618952,0.4,4
5902,89,9,4,5,3,0.163102907122299,0.5,4
5903,89,9,4,5,7,0.8849645428572496,1.0,4
5904,89,9,5,5,2,0.10272635935218238,0.1,4
5905,89,9,5,5,3,0.08079966843216856,0.2,4
5906,89,9,5,5,4,0.1841312166656645,0.3,4
5907,89,9,5,5,4,0.18413121666566437,0.4,4
5908,89,9,5,5,4,0.18413121666566437,0.5,4
5909,89,9,5,5,7,0.7865016667584785,1.0,4
5910,89,9,6,5,2,0.03438006027488272,0.1,4
5911,89,9,6,5,3,0.07918309047197537,0.2,4
5912,89,9,6,5,3,0.07918309047197539,0.3,4
5913,89,9,6,5,4,0.18341552561779237,0.4,4
5914,89,9,6,5,4,0.30726396252872074,0.5,4
5915,89,9,6,5,7,0.8789952512789012,1.0,4
5916,89,9,7,5,2,0.05525861899346296,0.1,4
5917,89,9,7,5,3,0.1060383978025832,0.2,4
5918,89,9,7,5,4,0.1841312166656645,0.3,4
5919,89,9,7,5,4,0.18413121666566465,0.4,4
5920,89,9,7,5,4,0.18413121666566437,0.5,4
5921,89,9,7,5,6,0.8005219261295182,1.0,4
5922,89,9,8,6,2,0.027355120589785842,0.1,4
5923,89,9,8,6,3,0.0791830904719754,0.2,4
5924,89,9,8,6,3,0.14161781832326253,0.3,4
5925,89,9,8,6,4,0.18341552561779248,0.4,4
5926,89,9,8,6,4,0.3072639625287204,0.5,4
5927,89,9,8,6,7,0.7150234430110992,1.0,4
5928,89,9,9,6,2,0.10272635935218238,0.1,4
5929,89,9,9,6,3,0.08079966843216839,0.2,4
5930,89,9,9,6,4,0.18413121666566465,0.3,4
5931,89,9,9,6,4,0.28055023010968255,0.4,4
5932,89,9,9,6,4,0.28055023010968255,0.5,4
5933,89,9,9,6,7,0.786501666758479,1.0,4
5934,89,9,10,6,2,0.03438006027488272,0.1,4
5935,89,9,10,6,2,0.03438006027488272,0.2,4
5936,89,9,10,6,4,0.17033075612219165,0.3,4
5937,89,9,10,6,4,0.17033075612219112,0.4,4
5938,89,9,10,6,4,0.17033075612219176,0.5,4
5939,89,9,10,6,7,0.8547918130734526,1.0,4
5940,90,9,0,5,2,0.1097694128158444,0.1,4
5941,90,9,0,5,2,0.1097694128158444,0.2,4
5942,90,9,0,5,3,0.09943914206060764,0.3,4
5943,90,9,0,5,3,0.09943914206060764,0.4,4
5944,90,9,0,5,3,0.09943914206060764,0.5,4
5945,90,9,0,5,6,0.7110984171714362,1.0,4
5946,90,9,1,5,2,0.034398174053447805,0.1,4
5947,90,9,1,5,2,0.034398174053447805,0.2,4
5948,90,9,1,5,3,0.07290375711085256,0.3,4
5949,90,9,1,5,3,0.07290375711085256,0.4,4
5950,90,9,1,5,3,0.12081147570849235,0.5,4
5951,90,9,1,5,7,0.8398640257098914,1.0,4
5952,90,9,2,6,2,0.017441405420997813,0.1,4
5953,90,9,2,6,2,0.14861920498520287,0.2,4
5954,90,9,2,6,3,0.07290375711085256,0.3,4
5955,90,9,2,6,3,0.1304242055923083,0.4,4
5956,90,9,2,6,3,0.1304242055923083,0.5,4
5957,90,9,2,6,8,0.7728524365313981,1.0,4
5958,90,9,3,5,2,0.10274447313074753,0.1,4
5959,90,9,3,5,2,0.10274447313074753,0.2,4
5960,90,9,3,5,2,0.10274447313074753,0.3,4
5961,90,9,3,5,3,0.1740144104569424,0.4,4
5962,90,9,3,5,3,0.1696357272944853,0.5,4
5963,90,9,3,5,7,0.6329830796482557,1.0,4
5964,90,9,4,5,2,0.017441405420997813,0.1,4
5965,90,9,4,5,2,0.14861920498520287,0.2,4
5966,90,9,4,5,2,0.14861920498520287,0.3,4
5967,90,9,4,5,2,0.14861920498520287,0.4,4
5968,90,9,4,5,2,0.14861920498520287,0.5,4
5969,90,9,4,5,6,0.6166164784163077,1.0,4
5970,90,9,5,5,2,0.034398174053447805,0.1,4
5971,90,9,5,5,2,0.034398174053447805,0.2,4
5972,90,9,5,5,3,0.07290375711085256,0.3,4
5973,90,9,5,5,3,0.07290375711085256,0.4,4
5974,90,9,5,5,3,0.07290375711085256,0.5,4
5975,90,9,5,5,7,0.6942154747939092,1.0,4
5976,90,9,6,5,2,0.10274447313074753,0.1,4
5977,90,9,6,5,2,0.10274447313074753,0.2,4
5978,90,9,6,5,2,0.10274447313074753,0.3,4
5979,90,9,6,5,3,0.22718059491084275,0.4,4
5980,90,9,6,5,3,0.22718059491084275,0.5,4
5981,90,9,6,5,7,0.6535135342546673,1.0,4
5982,90,9,7,5,2,0.017441405420997813,0.1,4
5983,90,9,7,5,2,0.14861920498520287,0.2,4
5984,90,9,7,5,3,0.07290375711085256,0.3,4
5985,90,9,7,5,3,0.1304242055923083,0.4,4
5986,90,9,7,5,3,0.1304242055923083,0.5,4
5987,90,9,7,5,7,0.8398640257098918,1.0,4
5988,90,9,8,6,2,0.1097694128158444,0.1,4
5989,90,9,8,6,2,0.1097694128158444,0.2,4
5990,90,9,8,6,3,0.09943914206060764,0.3,4
5991,90,9,8,6,3,0.09943914206060764,0.4,4
5992,90,9,8,6,3,0.09943914206060764,0.5,4
5993,90,9,8,6,8,0.8042655433312523,1.0,4
5994,90,9,9,6,2,0.034398174053447805,0.1,4
5995,90,9,9,6,2,0.034398174053447805,0.2,4
5996,90,9,9,6,3,0.07290375711085256,0.3,4
5997,90,9,9,6,3,0.07290375711085256,0.4,4
5998,90,9,9,6,3,0.07290375711085256,0.5,4
5999,90,9,9,6,7,0.6881489996010746,1.0,4
6000,90,9,10,6,2,0.10274447313074753,0.1,4
6001,90,9,10,6,2,0.10274447313074753,0.2,4
6002,90,9,10,6,3,0.09943914206060764,0.3,4
6003,90,9,10,6,3,0.1740144104569424,0.4,4
6004,90,9,10,6,3,0.1696357272944853,0.5,4
6005,90,9,10,6,8,0.8042655433312513,1.0,4
6006,91,10,0,5,2,0.06517233416225099,0.1,4
6007,91,10,0,5,2,0.06517233416225099,0.2,4
6008,91,10,0,5,3,0.1740144104569424,0.3,4
6009,91,10,0,5,3,0.13383233181124404,0.4,4
6010,91,10,0,5,4,0.20908707473270927,0.5,4
6011,91,10,0,5,6,0.7651343937762026,1.0,4
6012,91,10,1,5,2,0.03439817405344736,0.1,4
6013,91,10,1,5,2,0.14054357292464753,0.2,4
6014,91,10,1,5,3,0.07290375711085256,0.3,4
6015,91,10,1,5,3,0.15190174490380992,0.4,4
6016,91,10,1,5,3,0.15190174490380992,0.5,4
6017,91,10,1,5,6,0.7817928779985437,1.0,4
6018,91,10,2,6,2,0.017441405420997813,0.1,4
6019,91,10,2,6,2,0.017441405420997813,0.2,4
6020,91,10,2,6,3,0.07290375711085256,0.3,4
6021,91,10,2,6,3,0.13042420559230822,0.4,4
6022,91,10,2,6,4,0.2526648953022493,0.5,4
6023,91,10,2,6,6,0.7817928779985438,1.0,4
6024,91,10,3,5,2,0.07219727384734786,0.1,4
6025,91,10,3,5,2,0.07219727384734786,0.2,4
6026,91,10,3,5,3,0.17401441045694238,0.3,4
6027,91,10,3,5,3,0.1740144104569424,0.4,4
6028,91,10,3,5,3,0.1740144104569424,0.5,4
6029,91,10,3,5,5,0.5674321938735498,1.0,4
6030,91,10,4,5,2,0.13152927727675712,0.1,4
6031,91,10,4,5,2,0.13152927727675712,0.2,4
6032,91,10,4,5,2,0.13152927727675712,0.3,4
6033,91,10,4,5,3,0.041431121838079794,0.4,4
6034,91,10,4,5,3,0.04143112183807986,0.5,4
6035,91,10,4,5,5,0.5791205282131902,1.0,4
6036,91,10,5,5,2,0.03439817405344736,0.1,4
6037,91,10,5,5,2,0.14054357292464753,0.2,4
6038,91,10,5,5,3,0.07290375711085256,0.3,4
6039,91,10,5,5,3,0.20618970634843248,0.4,4
6040,91,10,5,5,4,0.2526648953022493,0.5,4
6041,91,10,5,5,5,0.6087239846182187,1.0,4
6042,91,10,6,5,2,0.07219727384734786,0.1,4
6043,91,10,6,5,2,0.07219727384734786,0.2,4
6044,91,10,6,5,3,0.1740144104569424,0.3,4
6045,91,10,6,5,3,0.1740144104569424,0.4,4
6046,91,10,6,5,3,0.1740144104569424,0.5,4
6047,91,10,6,5,6,0.6979860406979532,1.0,4
6048,91,10,7,5,2,0.017441405420997813,0.1,4
6049,91,10,7,5,2,0.017441405420997813,0.2,4
6050,91,10,7,5,3,0.07290375711085256,0.3,4
6051,91,10,7,5,3,0.13042420559230822,0.4,4
6052,91,10,7,5,3,0.07290375711085258,0.5,4
6053,91,10,7,5,5,0.8069040435028538,1.0,4
6054,91,10,8,6,2,0.06517233416225099,0.1,4
6055,91,10,8,6,2,0.06517233416225099,0.2,4
6056,91,10,8,6,3,0.16002471096435752,0.3,4
6057,91,10,8,6,3,0.16002471096435752,0.4,4
6058,91,10,8,6,4,0.2090870747327093,0.5,4
6059,91,10,8,6,6,0.5807098450079764,1.0,4
6060,91,10,9,6,2,0.03439817405344736,0.1,4
6061,91,10,9,6,2,0.14054357292464753,0.2,4
6062,91,10,9,6,3,0.07290375711085256,0.3,4
6063,91,10,9,6,3,0.15190174490380992,0.4,4
6064,91,10,9,6,4,0.2526648953022493,0.5,4
6065,91,10,9,6,6,0.680370883146091,1.0,4
6066,91,10,10,6,2,0.07219727384734786,0.1,4
6067,91,10,10,6,2,0.07219727384734786,0.2,4
6068,91,10,10,6,3,0.1740144104569424,0.3,4
6069,91,10,10,6,3,0.1740144104569424,0.4,4
6070,91,10,10,6,4,0.20908707473270907,0.5,4
6071,91,10,10,6,6,0.6303265785837106,1.0,4
6072,92,10,0,5,2,0.12314616795856992,0.1,4
6073,92,10,0,5,2,0.12314616795856992,0.2,4
6074,92,10,0,5,3,0.0994391420606077,0.3,4
6075,92,10,0,5,3,0.0994391420606077,0.4,4
6076,92,10,0,5,3,0.0994391420606077,0.5,4
6077,92,10,0,5,7,0.7217699109514228,1.0,4
6078,92,10,1,5,2,0.04777492919617343,0.1,4
6079,92,10,1,5,2,0.04777492919617343,0.2,4
6080,92,10,1,5,2,0.04777492919617343,0.3,4
6081,92,10,1,5,3,0.13042420559230822,0.4,4
6082,92,10,1,5,3,0.12081147570849275,0.5,4
6083,92,10,1,5,7,0.8398640257098917,1.0,4
6084,92,10,2,6,2,0.04777492919617343,0.1,4
6085,92,10,2,6,2,0.14861920498520287,0.2,4
6086,92,10,2,6,3,0.13671456721644698,0.3,4
6087,92,10,2,6,3,0.13042420559230822,0.4,4
6088,92,10,2,6,4,0.2859549133710178,0.5,4
6089,92,10,2,6,9,0.8091947089452637,1.0,4
6090,92,10,3,5,2,0.11612122827347304,0.1,4
6091,92,10,3,5,2,0.11612122827347304,0.2,4
6092,92,10,3,5,3,0.13671456721644698,0.3,4
6093,92,10,3,5,3,0.25401741648205406,0.4,4
6094,92,10,3,5,3,0.25401741648205406,0.5,4
6095,92,10,3,5,7,0.7112708989390061,1.0,4
6096,92,10,4,5,2,0.04216976475557099,0.1,4
6097,92,10,4,5,2,0.13152927727675712,0.2,4
6098,92,10,4,5,2,0.13152927727675712,0.3,4
6099,92,10,4,5,2,0.13152927727675712,0.4,4
6100,92,10,4,5,2,0.13152927727675712,0.5,4
6101,92,10,4,5,7,0.7116910171749725,1.0,4
6102,92,10,5,5,2,0.04777492919617343,0.1,4
6103,92,10,5,5,2,0.04777492919617343,0.2,4
6104,92,10,5,5,2,0.04777492919617343,0.3,4
6105,92,10,5,5,3,0.11723528433266224,0.4,4
6106,92,10,5,5,3,0.11723528433266198,0.5,4
6107,92,10,5,5,8,0.756189655251763,1.0,4
6108,92,10,6,5,2,0.11612122827347304,0.1,4
6109,92,10,6,5,2,0.11612122827347304,0.2,4
6110,92,10,6,5,3,0.13671456721644698,0.3,4
6111,92,10,6,5,3,0.22718059491084283,0.4,4
6112,92,10,6,5,3,0.22718059491084283,0.5,4
6113,92,10,6,5,7,0.7774450744424248,1.0,4
6114,92,10,7,5,2,0.04777492919617343,0.1,4
6115,92,10,7,5,2,0.14861920498520287,0.2,4
6116,92,10,7,5,2,0.14861920498520287,0.3,4
6117,92,10,7,5,3,0.13042420559230822,0.4,4
6118,92,10,7,5,4,0.315241241519655,0.5,4
6119,92,10,7,5,8,0.6911053438205834,1.0,4
6120,92,10,8,6,2,0.12314616795856992,0.1,4
6121,92,10,8,6,2,0.12314616795856992,0.2,4
6122,92,10,8,6,3,0.13671456721644698,0.3,4
6123,92,10,8,6,3,0.13671456721644712,0.4,4
6124,92,10,8,6,4,0.25974293976149293,0.5,4
6125,92,10,8,6,9,0.8091947089452645,1.0,4
6126,92,10,9,6,2,0.04777492919617343,0.1,4
6127,92,10,9,6,2,0.04777492919617343,0.2,4
6128,92,10,9,6,2,0.04777492919617343,0.3,4
6129,92,10,9,6,3,0.11723528433266212,0.4,4
6130,92,10,9,6,4,0.31524124151965494,0.5,4
6131,92,10,9,6,8,0.756189655251763,1.0,4
6132,92,10,10,6,2,0.11612122827347304,0.1,4
6133,92,10,10,6,2,0.11612122827347304,0.2,4
6134,92,10,10,6,3,0.0994391420606077,0.3,4
6135,92,10,10,6,3,0.25401741648205406,0.4,4
6136,92,10,10,6,4,0.31524124151965527,0.5,4
6137,92,10,10,6,9,0.8091947089452635,1.0,4
6138,93,10,0,5,2,0.05367153006679837,0.1,4
6139,93,10,0,5,2,0.05367153006679837,0.2,4
6140,93,10,0,5,4,0.17033075612219192,0.3,4
6141,93,10,0,5,4,0.1703307561221921,0.4,4
6142,93,10,0,5,4,0.17033075612219176,0.5,4
6143,93,10,0,5,7,0.932097565234322,1.0,4
6144,93,10,1,5,2,0.1290427688291949,0.1,4
6145,93,10,1,5,3,0.10603839780258308,0.2,4
6146,93,10,1,5,3,0.13050223578749798,0.3,4
6147,93,10,1,5,4,0.2805502301096828,0.4,4
6148,93,10,1,5,4,0.2805502301096827,0.5,4
6149,93,10,1,5,6,0.8005219261295184,1.0,4
6150,93,10,2,6,3,0.033393337561753784,0.1,4
6151,93,10,2,6,3,0.1060383978025832,0.2,4
6152,93,10,2,6,4,0.18413121666566432,0.3,4
6153,93,10,2,6,4,0.18413121666566462,0.4,4
6154,93,10,2,6,4,0.18413121666566443,0.5,4
6155,93,10,2,6,8,0.8576492035692963,1.0,4
6156,93,10,3,5,2,0.06069646975189524,0.1,4
6157,93,10,3,5,2,0.06069646975189524,0.2,4
6158,93,10,3,5,3,0.15648197063748695,0.3,4
6159,93,10,3,5,3,0.08410189265369172,0.4,4
6160,93,10,3,5,3,0.08410189265369172,0.5,4
6161,93,10,3,5,7,0.815071364914381,1.0,4
6162,93,10,4,5,2,0.028942209516450434,0.1,4
6163,93,10,4,5,2,0.028942209516450434,0.2,4
6164,93,10,4,5,2,0.028942209516450434,0.3,4
6165,93,10,4,5,3,0.17174463384618952,0.4,4
6166,93,10,4,5,3,0.31877343118058515,0.5,4
6167,93,10,4,5,6,0.7396173234369233,1.0,4
6168,93,10,5,5,2,0.1290427688291949,0.1,4
6169,93,10,5,5,3,0.10603839780258345,0.2,4
6170,93,10,5,5,4,0.1841312166656644,0.3,4
6171,93,10,5,5,4,0.18413121666566437,0.4,4
6172,93,10,5,5,4,0.18413121666566437,0.5,4
6173,93,10,5,5,8,0.8576492035692959,1.0,4
6174,93,10,6,5,2,0.06069646975189524,0.1,4
6175,93,10,6,5,3,0.17146607517314755,0.2,4
6176,93,10,6,5,3,0.17724300339680957,0.3,4
6177,93,10,6,5,3,0.17724300339680937,0.4,4
6178,93,10,6,5,4,0.30726396252872057,0.5,4
6179,93,10,6,5,6,0.829277934637068,1.0,4
6180,93,10,7,5,2,0.028942209516450434,0.1,4
6181,93,10,7,5,3,0.10603839780258308,0.2,4
6182,93,10,7,5,4,0.18413121666566445,0.3,4
6183,93,10,7,5,4,0.1841312166656644,0.4,4
6184,93,10,7,5,4,0.18413121666566484,0.5,4
6185,93,10,7,5,6,0.8005219261295183,1.0,4
6186,93,10,8,6,2,0.05367153006679837,0.1,4
6187,93,10,8,6,3,0.17146607517314755,0.2,4
6188,93,10,8,6,3,0.14161781832326256,0.3,4
6189,93,10,8,6,3,0.14161781832326242,0.4,4
6190,93,10,8,6,4,0.307263962528721,0.5,4
6191,93,10,8,6,7,0.7150234430110995,1.0,4
6192,93,10,9,6,2,0.1290427688291949,0.1,4
6193,93,10,9,6,3,0.1060383978025832,0.2,4
6194,93,10,9,6,4,0.1841312166656645,0.3,4
6195,93,10,9,6,4,0.2805502301096827,0.4,4
6196,93,10,9,6,4,0.28055023010968255,0.5,4
6197,93,10,9,6,8,0.8576492035692954,1.0,4
6198,93,10,10,6,2,0.06069646975189524,0.1,4
6199,93,10,10,6,2,0.06069646975189524,0.2,4
6200,93,10,10,6,4,0.17033075612219195,0.3,4
6201,93,10,10,6,4,0.17033075612219192,0.4,4
6202,93,10,10,6,4,0.17033075612219148,0.5,4
6203,93,10,10,6,8,0.96552454383002,1.0,4
6204,94,10,0,5,2,0.06600546540195407,0.1,4
6205,94,10,0,5,3,0.09943914206060767,0.2,4
6206,94,10,0,5,3,0.09943914206060764,0.3,4
6207,94,10,0,5,3,0.09943914206060768,0.4,4
6208,94,10,0,5,3,0.14829791346545906,0.5,4
6209,94,10,0,5,7,0.714995603122865,1.0,4
6210,94,10,1,5,2,0.009365773360442475,0.1,4
6211,94,10,1,5,2,0.009365773360442475,0.2,4
6212,94,10,1,5,3,0.07290375711085269,0.3,4
6213,94,10,1,5,3,0.07290375711085256,0.4,4
6214,94,10,1,5,3,0.12081147570849245,0.5,4
6215,94,10,1,5,7,0.7311585704021398,1.0,4
6216,94,10,2,6,2,0.017441405420997813,0.1,4
6217,94,10,2,6,3,0.09943914206060764,0.2,4
6218,94,10,2,6,3,0.07290375711085267,0.3,4
6219,94,10,2,6,3,0.1304242055923083,0.4,4
6220,94,10,2,6,4,0.2859549133710178,0.5,4
6221,94,10,2,6,8,0.8057795980305343,1.0,4
6222,94,10,3,5,2,0.05898052571685719,0.1,4
6223,94,10,3,5,2,0.05898052571685719,0.2,4
6224,94,10,3,5,3,0.17401441045694255,0.3,4
6225,94,10,3,5,3,0.25401741648205406,0.4,4
6226,94,10,3,5,3,0.16963572729448528,0.5,4
6227,94,10,3,5,7,0.6329830796482563,1.0,4
6228,94,10,4,5,2,0.017441405420997813,0.1,4
6229,94,10,4,5,2,0.13152927727675712,0.2,4
6230,94,10,4,5,2,0.13152927727675712,0.3,4
6231,94,10,4,5,2,0.13152927727675712,0.4,4
6232,94,10,4,5,2,0.13152927727675712,0.5,4
6233,94,10,4,5,7,0.711691017174973,1.0,4
6234,94,10,5,5,2,0.009365773360442475,0.1,4
6235,94,10,5,5,2,0.009365773360442475,0.2,4
6236,94,10,5,5,3,0.07290375711085267,0.3,4
6237,94,10,5,5,3,0.07290375711085267,0.4,4
6238,94,10,5,5,3,0.07290375711085267,0.5,4
6239,94,10,5,5,7,0.68820210288047,1.0,4
6240,94,10,6,5,2,0.05898052571685719,0.1,4
6241,94,10,6,5,2,0.05898052571685719,0.2,4
6242,94,10,6,5,3,0.17401441045694244,0.3,4
6243,94,10,6,5,3,0.17401441045694235,0.4,4
6244,94,10,6,5,3,0.20757683465088722,0.5,4
6245,94,10,6,5,9,0.8514711990206308,1.0,4
6246,94,10,7,5,2,0.017441405420997813,0.1,4
6247,94,10,7,5,2,0.14861920498520287,0.2,4
6248,94,10,7,5,3,0.07290375711085269,0.3,4
6249,94,10,7,5,3,0.1304242055923083,0.4,4
6250,94,10,7,5,4,0.31524124151965505,0.5,4
6251,94,10,7,5,8,0.7616536868016344,1.0,4
6252,94,10,8,6,2,0.06600546540195407,0.1,4
6253,94,10,8,6,3,0.09943914206060764,0.2,4
6254,94,10,8,6,3,0.09943914206060768,0.3,4
6255,94,10,8,6,3,0.09943914206060764,0.4,4
6256,94,10,8,6,4,0.25974293976149393,0.5,4
6257,94,10,8,6,9,0.851471199020629,1.0,4
6258,94,10,9,6,2,0.009365773360442475,0.1,4
6259,94,10,9,6,2,0.009365773360442475,0.2,4
6260,94,10,9,6,3,0.07290375711085256,0.3,4
6261,94,10,9,6,3,0.11723528433266193,0.4,4
6262,94,10,9,6,4,0.3152412415196551,0.5,4
6263,94,10,9,6,8,0.7616536868016341,1.0,4
6264,94,10,10,6,2,0.05898052571685719,0.1,4
6265,94,10,10,6,3,0.0994391420606077,0.2,4
6266,94,10,10,6,3,0.17401441045694255,0.3,4
6267,94,10,10,6,3,0.25401741648205406,0.4,4
6268,94,10,10,6,4,0.31524124151965505,0.5,4
6269,94,10,10,6,8,0.7308401155862502,1.0,4
6270,95,10,0,5,2,0.10976941281584396,0.1,4
6271,95,10,0,5,3,0.0994391420606077,0.2,4
6272,95,10,0,5,3,0.0994391420606077,0.3,4
6273,95,10,0,5,3,0.0994391420606077,0.4,4
6274,95,10,0,5,3,0.0994391420606077,0.5,4
6275,95,10,0,5,6,0.6562860431991951,1.0,4
6276,95,10,1,5,2,0.03439817405344736,0.1,4
6277,95,10,1,5,2,0.03439817405344736,0.2,4
6278,95,10,1,5,3,0.07290375711085266,0.3,4
6279,95,10,1,5,3,0.07290375711085266,0.4,4
6280,95,10,1,5,3,0.12081147570849254,0.5,4
6281,95,10,1,5,7,0.7311585704021399,1.0,4
6282,95,10,2,6,2,0.017441405420997813,0.1,4
6283,95,10,2,6,3,0.0994391420606077,0.2,4
6284,95,10,2,6,3,0.13671456721644704,0.3,4
6285,95,10,2,6,3,0.13042420559230822,0.4,4
6286,95,10,2,6,4,0.2526648953022498,0.5,4
6287,95,10,2,6,7,0.7451262047016441,1.0,4
6288,95,10,3,5,2,0.10274447313074708,0.1,4
6289,95,10,3,5,2,0.10274447313074708,0.2,4
6290,95,10,3,5,3,0.17401441045694255,0.3,4
6291,95,10,3,5,3,0.17401441045694255,0.4,4
6292,95,10,3,5,3,0.1696357272944853,0.5,4
6293,95,10,3,5,8,0.8462719590911536,1.0,4
6294,95,10,4,5,2,0.13152927727675712,0.1,4
6295,95,10,4,5,2,0.13152927727675712,0.2,4
6296,95,10,4,5,2,0.13152927727675712,0.3,4
6297,95,10,4,5,2,0.13152927727675712,0.4,4
6298,95,10,4,5,3,0.20725412652164762,0.5,4
6299,95,10,4,5,6,0.7408800461201097,1.0,4
6300,95,10,5,5,2,0.03439817405344736,0.1,4
6301,95,10,5,5,2,0.03439817405344736,0.2,4
6302,95,10,5,5,3,0.07290375711085266,0.3,4
6303,95,10,5,5,3,0.07290375711085263,0.4,4
6304,95,10,5,5,4,0.2526648953022498,0.5,4
6305,95,10,5,5,7,0.7451262047016437,1.0,4
6306,95,10,6,5,2,0.10274447313074708,0.1,4
6307,95,10,6,5,2,0.10274447313074708,0.2,4
6308,95,10,6,5,3,0.17401441045694255,0.3,4
6309,95,10,6,5,3,0.17401441045694255,0.4,4
6310,95,10,6,5,3,0.20757683465088736,0.5,4
6311,95,10,6,5,7,0.8098464418168829,1.0,4
6312,95,10,7,5,2,0.017441405420997813,0.1,4
6313,95,10,7,5,2,0.14861920498520287,0.2,4
6314,95,10,7,5,3,0.07290375711085266,0.3,4
6315,95,10,7,5,3,0.13042420559230822,0.4,4
6316,95,10,7,5,3,0.13042420559230822,0.5,4
6317,95,10,7,5,8,0.8559141808600935,1.0,4
6318,95,10,8,6,2,0.10976941281584396,0.1,4
6319,95,10,8,6,3,0.0994391420606077,0.2,4
6320,95,10,8,6,3,0.1600247109643574,0.3,4
6321,95,10,8,6,3,0.1600247109643574,0.4,4
6322,95,10,8,6,3,0.1600247109643574,0.5,4
6323,95,10,8,6,8,0.6261079914963087,1.0,4
6324,95,10,9,6,2,0.03439817405344736,0.1,4
6325,95,10,9,6,2,0.03439817405344736,0.2,4
6326,95,10,9,6,3,0.07290375711085266,0.3,4
6327,95,10,9,6,3,0.07290375711085266,0.4,4
6328,95,10,9,6,4,0.2526648953022499,0.5,4
6329,95,10,9,6,8,0.7157319887541764,1.0,4
6330,95,10,10,6,2,0.10274447313074708,0.1,4
6331,95,10,10,6,3,0.0994391420606077,0.2,4
6332,95,10,10,6,3,0.17401441045694255,0.3,4
6333,95,10,10,6,3,0.17401441045694255,0.4,4
6334,95,10,10,6,3,0.24194402326902387,0.5,4
6335,95,10,10,6,7,0.7699022955224807,1.0,4
6336,96,10,0,5,2,0.032449431670398265,0.1,4
6337,96,10,0,5,2,0.032449431670398265,0.2,4
6338,96,10,0,5,4,0.1703307561221906,0.3,4
6339,96,10,0,5,4,0.1703307561221906,0.4,4
6340,96,10,0,5,4,0.24258497551536654,0.5,4
6341,96,10,0,5,7,0.8607680273833092,1.0,4
6342,96,10,1,5,2,0.10782067043279486,0.1,4
6343,96,10,1,5,3,0.08079966843216856,0.2,4
6344,96,10,1,5,3,0.15190174490380987,0.3,4
6345,96,10,1,5,4,0.2805502301096826,0.4,4
6346,96,10,1,5,4,0.2805502301096826,0.5,4
6347,96,10,1,5,7,0.8241808369835096,1.0,4
6348,96,10,2,6,3,0.03339333756175383,0.1,4
6349,96,10,2,6,3,0.10603839780258324,0.2,4
6350,96,10,2,6,4,0.18413121666566437,0.3,4
6351,96,10,2,6,4,0.18413121666566437,0.4,4
6352,96,10,2,6,4,0.18413121666566437,0.5,4
6353,96,10,2,6,7,0.7577643083020665,1.0,4
6354,96,10,3,5,2,0.03947437135549514,0.1,4
6355,96,10,3,5,3,0.07918309047197539,0.2,4
6356,96,10,3,5,3,0.1564819706374869,0.3,4
6357,96,10,3,5,3,0.1564819706374869,0.4,4
6358,96,10,3,5,4,0.3144434953919935,0.5,4
6359,96,10,3,5,7,0.8150713649143808,1.0,4
6360,96,10,4,5,2,0.055019654589847145,0.1,4
6361,96,10,4,5,2,0.055019654589847145,0.2,4
6362,96,10,4,5,3,0.07402592113809774,0.3,4
6363,96,10,4,5,3,0.17174463384618952,0.4,4
6364,96,10,4,5,3,0.163102907122299,0.5,4
6365,96,10,4,5,7,0.8849645428572492,1.0,4
6366,96,10,5,5,2,0.10782067043279486,0.1,4
6367,96,10,5,5,3,0.08079966843216856,0.2,4
6368,96,10,5,5,4,0.18413121666566437,0.3,4
6369,96,10,5,5,4,0.18413121666566437,0.4,4
6370,96,10,5,5,4,0.18413121666566437,0.5,4
6371,96,10,5,5,7,0.7865016667584791,1.0,4
6372,96,10,6,5,2,0.03947437135549514,0.1,4
6373,96,10,6,5,3,0.07918309047197519,0.2,4
6374,96,10,6,5,3,0.07918309047197539,0.3,4
6375,96,10,6,5,4,0.18341552561779245,0.4,4
6376,96,10,6,5,4,0.30726396252872024,0.5,4
6377,96,10,6,5,7,0.8789952512789012,1.0,4
6378,96,10,7,5,2,0.050164307912850536,0.1,4
6379,96,10,7,5,3,0.10603839780258324,0.2,4
6380,96,10,7,5,4,0.18413121666566437,0.3,4
6381,96,10,7,5,4,0.18413121666566437,0.4,4
6382,96,10,7,5,4,0.18413121666566437,0.5,4
6383,96,10,7,5,6,0.8005219261295187,1.0,4
6384,96,10,8,6,2,0.032449431670398265,0.1,4
6385,96,10,8,6,3,0.07918309047197507,0.2,4
6386,96,10,8,6,3,0.1416178183232624,0.3,4
6387,96,10,8,6,4,0.18341552561779245,0.4,4
6388,96,10,8,6,4,0.24258497551536654,0.5,4
6389,96,10,8,6,7,0.7150234430110994,1.0,4
6390,96,10,9,6,2,0.10782067043279486,0.1,4
6391,96,10,9,6,3,0.08079966843216856,0.2,4
6392,96,10,9,6,4,0.18413121666566437,0.3,4
6393,96,10,9,6,4,0.2805502301096826,0.4,4
6394,96,10,9,6,4,0.2805502301096826,0.5,4
6395,96,10,9,6,7,0.7865016667584782,1.0,4
6396,96,10,10,6,2,0.03947437135549514,0.1,4
6397,96,10,10,6,2,0.03947437135549514,0.2,4
6398,96,10,10,6,4,0.17033075612219092,0.3,4
6399,96,10,10,6,4,0.17033075612219092,0.4,4
6400,96,10,10,6,4,0.17033075612219092,0.5,4
6401,96,10,10,6,8,0.9591874266052873,1.0,4
6402,97,5,0,5,2,0.10976941281584396,0.1,4
6403,97,5,0,5,2,0.10976941281584396,0.2,4
6404,97,5,0,5,3,0.17401441045694244,0.3,4
6405,97,5,0,5,3,0.13383233181124418,0.4,4
6406,97,5,0,5,4,0.2090870747327091,0.5,4
6407,97,5,0,5,5,0.8145909684348204,1.0,4
6408,97,5,1,5,2,0.03439817405344736,0.1,4
6409,97,5,1,5,2,0.03439817405344736,0.2,4
6410,97,5,1,5,3,0.07290375711085266,0.3,4
6411,97,5,1,5,3,0.07290375711085263,0.4,4
6412,97,5,1,5,3,0.07290375711085267,0.5,4
6413,97,5,1,5,5,0.6864397197165667,1.0,4
6414,97,5,2,6,2,0.017441405420997813,0.1,4
6415,97,5,2,6,2,0.14861920498520287,0.2,4
6416,97,5,2,6,3,0.07290375711085267,0.3,4
6417,97,5,2,6,3,0.1304242055923083,0.4,4
6418,97,5,2,6,4,0.28595491337101664,0.5,4
6419,97,5,2,6,5,0.8352912601549686,1.0,4
6420,97,5,3,5,2,0.10274447313074708,0.1,4
6421,97,5,3,5,2,0.10274447313074708,0.2,4
6422,97,5,3,5,3,0.17401441045694255,0.3,4
6423,97,5,3,5,3,0.17401441045694235,0.4,4
6424,97,5,3,5,3,0.1696357272944854,0.5,4
6425,97,5,3,5,5,0.8145909684348209,1.0,4
6426,97,5,4,5,2,0.13152927727675712,0.1,4
6427,97,5,4,5,2,0.13152927727675712,0.2,4
6428,97,5,4,5,2,0.13152927727675712,0.3,4
6429,97,5,4,5,2,0.13152927727675712,0.4,4
6430,97,5,4,5,3,0.20725412652164765,0.5,4
6431,97,5,4,5,5,0.8069040435028535,1.0,4
6432,97,5,5,5,2,0.03439817405344736,0.1,4
6433,97,5,5,5,2,0.03439817405344736,0.2,4
6434,97,5,5,5,3,0.07290375711085263,0.3,4
6435,97,5,5,5,3,0.07290375711085266,0.4,4
6436,97,5,5,5,3,0.0729037571108527,0.5,4
6437,97,5,5,5,4,0.4106206079546468,1.0,4
6438,97,5,6,5,2,0.10274447313074708,0.1,4
6439,97,5,6,5,2,0.10274447313074708,0.2,4
6440,97,5,6,5,3,0.1740144104569424,0.3,4
6441,97,5,6,5,3,0.17401441045694235,0.4,4
6442,97,5,6,5,3,0.1696357272944854,0.5,4
6443,97,5,6,5,5,0.3132303941236106,1.0,4
6444,97,5,7,5,2,0.017441405420997813,0.1,4
6445,97,5,7,5,2,0.14861920498520287,0.2,4
6446,97,5,7,5,3,0.0729037571108527,0.3,4
6447,97,5,7,5,3,0.13042420559230822,0.4,4
6448,97,5,7,5,3,0.13042420559230827,0.5,4
6449,97,5,7,5,5,0.8069040435028537,1.0,4
6450,97,5,8,6,2,0.10976941281584396,0.1,4
6451,97,5,8,6,2,0.10976941281584396,0.2,4
6452,97,5,8,6,3,0.17401441045694246,0.3,4
6453,97,5,8,6,3,0.13383233181124418,0.4,4
6454,97,5,8,6,4,0.20908707473270935,0.5,4
6455,97,5,8,6,5,0.3132303941236108,1.0,4
6456,97,5,9,6,2,0.03439817405344736,0.1,4
6457,97,5,9,6,2,0.03439817405344736,0.2,4
6458,97,5,9,6,3,0.07290375711085263,0.3,4
6459,97,5,9,6,3,0.07290375711085267,0.4,4
6460,97,5,9,6,3,0.08943675929380476,0.5,4
6461,97,5,9,6,5,0.806904043502854,1.0,4
6462,97,5,10,6,2,0.10274447313074708,0.1,4
6463,97,5,10,6,2,0.10274447313074708,0.2,4
6464,97,5,10,6,3,0.17401441045694255,0.3,4
6465,97,5,10,6,3,0.17401441045694258,0.4,4
6466,97,5,10,6,4,0.2090870747327093,0.5,4
6467,97,5,10,6,5,0.47351691274417834,1.0,4
6468,98,10,0,5,2,0.08223248513221626,0.1,4
6469,98,10,0,5,3,0.1489643672056565,0.2,4
6470,98,10,0,5,3,0.18597554673115657,0.3,4
6471,98,10,0,5,4,0.24258497551536645,0.4,4
6472,98,10,0,5,5,0.3368099808510989,0.5,4
6473,98,10,0,5,8,0.9709825190605068,1.0,4
6474,98,10,1,5,2,0.10272635935218238,0.1,4
6475,98,10,1,5,3,0.10603839780258324,0.2,4
6476,98,10,1,5,3,0.15190174490380987,0.3,4
6477,98,10,1,5,4,0.2805502301096823,0.4,4
6478,98,10,1,5,4,0.2805502301096823,0.5,4
6479,98,10,1,5,7,0.9769388720895368,1.0,4
6480,98,10,2,6,2,0.0003812544510325422,0.1,4
6481,98,10,2,6,3,0.10603839780258308,0.2,4
6482,98,10,2,6,3,0.11114446429740976,0.3,4
6483,98,10,2,6,3,0.1519017449038098,0.4,4
6484,98,10,2,6,4,0.29284527892232753,0.5,4
6485,98,10,2,6,7,0.8293843331015756,1.0,4
6486,98,10,3,5,2,0.08925742481731314,0.1,4
6487,98,10,3,5,2,0.08925742481731314,0.2,4
6488,98,10,3,5,3,0.08410189265369172,0.3,4
6489,98,10,3,5,3,0.08410189265369172,0.4,4
6490,98,10,3,5,4,0.3335200438913081,0.5,4
6491,98,10,3,5,7,0.8954536984640482,1.0,4
6492,98,10,4,5,2,0.09636912652866347,0.1,4
6493,98,10,4,5,2,0.22434302054593558,0.2,4
6494,98,10,4,5,2,0.22434302054593558,0.3,4
6495,98,10,4,5,3,0.17921629973566097,0.4,4
6496,98,10,4,5,3,0.2739015062656649,0.5,4
6497,98,10,4,5,8,0.9917282291768853,1.0,4
6498,98,10,5,5,2,0.10272635935218238,0.1,4
6499,98,10,5,5,3,0.1060383978025832,0.2,4
6500,98,10,5,5,3,0.15190174490380992,0.3,4
6501,98,10,5,5,3,0.15190174490380992,0.4,4
6502,98,10,5,5,4,0.43398936863563403,0.5,4
6503,98,10,5,5,7,0.8293843331015749,1.0,4
6504,98,10,6,5,2,0.08925742481731314,0.1,4
6505,98,10,6,5,3,0.17146607517314755,0.2,4
6506,98,10,6,5,3,0.17724300339680935,0.3,4
6507,98,10,6,5,4,0.18341552561779242,0.4,4
6508,98,10,6,5,4,0.3769136241841595,0.5,4
6509,98,10,6,5,7,0.8954536984640479,1.0,4
6510,98,10,7,5,2,0.0003812544510325422,0.1,4
6511,98,10,7,5,3,0.1060383978025832,0.2,4
6512,98,10,7,5,3,0.11114446429740961,0.3,4
6513,98,10,7,5,4,0.28055023010968266,0.4,4
6514,98,10,7,5,4,0.2805502301096827,0.5,4
6515,98,10,7,5,7,1.0757459125879567,1.0,4
6516,98,10,8,6,2,0.08223248513221626,0.1,4
6517,98,10,8,6,3,0.17146607517314755,0.2,4
6518,98,10,8,6,3,0.18597554673115657,0.3,4
6519,98,10,8,6,4,0.24258497551536662,0.4,4
6520,98,10,8,6,5,0.4157552647297137,0.5,4
6521,98,10,8,6,7,0.9873123490517176,1.0,4
6522,98,10,9,6,2,0.10272635935218238,0.1,4
6523,98,10,9,6,3,0.1060383978025832,0.2,4
6524,98,10,9,6,3,0.15190174490380987,0.3,4
6525,98,10,9,6,4,0.2805502301096823,0.4,4
6526,98,10,9,6,4,0.2805502301096823,0.5,4
6527,98,10,9,6,7,0.877770877603419,1.0,4
6528,98,10,10,6,2,0.08925742481731314,0.1,4
6529,98,10,10,6,2,0.08925742481731314,0.2,4
6530,98,10,10,6,3,0.08410189265369172,0.3,4
6531,98,10,10,6,4,0.24258497551536665,0.4,4
6532,98,10,10,6,5,0.3368099808510987,0.5,4
6533,98,10,10,6,8,0.9282431602454693,1.0,4
6534,99,10,0,5,2,0.06228327668805833,0.1,4
6535,99,10,0,5,2,0.06228327668805833,0.2,4
6536,99,10,0,5,4,0.17033075612219217,0.3,4
6537,99,10,0,5,4,0.17033075612219217,0.4,4
6538,99,10,0,5,4,0.2425849755153672,0.5,4
6539,99,10,0,5,7,0.8607680273833092,1.0,4
6540,99,10,1,5,2,0.013087962074338155,0.1,4
6541,99,10,1,5,3,0.0807996684321684,0.2,4
6542,99,10,1,5,3,0.15190174490380992,0.3,4
6543,99,10,1,5,4,0.2805502301096826,0.4,4
6544,99,10,1,5,4,0.28055023010968255,0.5,4
6545,99,10,1,5,7,0.9936749659668661,1.0,4
6546,99,10,2,6,3,0.03339333756175375,0.1,4
6547,99,10,2,6,3,0.10603839780258308,0.2,4
6548,99,10,2,6,4,0.1841312166656645,0.3,4
6549,99,10,2,6,4,0.18413121666566462,0.4,4
6550,99,10,2,6,4,0.18413121666566465,0.5,4
6551,99,10,2,6,8,0.9591874266052874,1.0,4
6552,99,10,3,5,2,0.055258337002961455,0.1,4
6553,99,10,3,5,3,0.07918309047197507,0.2,4
6554,99,10,3,5,3,0.1564819706374871,0.3,4
6555,99,10,3,5,3,0.1564819706374871,0.4,4
6556,99,10,3,5,4,0.3144434953919933,0.5,4
6557,99,10,3,5,6,0.7965481359599242,1.0,4
6558,99,10,4,5,2,0.13152927727675712,0.1,4
6559,99,10,4,5,2,0.13152927727675712,0.2,4
6560,99,10,4,5,3,0.0740259211380978,0.3,4
6561,99,10,4,5,3,0.1717446338461894,0.4,4
6562,99,10,4,5,3,0.31877343118058565,0.5,4
6563,99,10,4,5,7,0.8849645428572491,1.0,4
6564,99,10,5,5,2,0.013087962074338155,0.1,4
6565,99,10,5,5,3,0.0807996684321684,0.2,4
6566,99,10,5,5,4,0.18413121666566445,0.3,4
6567,99,10,5,5,4,0.1841312166656645,0.4,4
6568,99,10,5,5,4,0.1841312166656645,0.5,4
6569,99,10,5,5,6,0.871000528793546,1.0,4
6570,99,10,6,5,2,0.055258337002961455,0.1,4
6571,99,10,6,5,3,0.07918309047197507,0.2,4
6572,99,10,6,5,3,0.07918309047197507,0.3,4
6573,99,10,6,5,4,0.18341552561779226,0.4,4
6574,99,10,6,5,4,0.30726396252872035,0.5,4
6575,99,10,6,5,6,0.7209051750305335,1.0,4
6576,99,10,7,5,2,0.14489701627130713,0.1,4
6577,99,10,7,5,3,0.10603839780258308,0.2,4
6578,99,10,7,5,4,0.18413121666566437,0.3,4
6579,99,10,7,5,4,0.18413121666566445,0.4,4
6580,99,10,7,5,4,0.18413121666566457,0.5,4
6581,99,10,7,5,6,0.7083476721082486,1.0,4
6582,99,10,8,6,2,0.06228327668805833,0.1,4
6583,99,10,8,6,3,0.07918309047197507,0.2,4
6584,99,10,8,6,3,0.1416178183232624,0.3,4
6585,99,10,8,6,4,0.18341552561779223,0.4,4
6586,99,10,8,6,5,0.4143995848306432,0.5,4
6587,99,10,8,6,7,0.7150234430110997,1.0,4
6588,99,10,9,6,2,0.013087962074338155,0.1,4
6589,99,10,9,6,3,0.0807996684321684,0.2,4
6590,99,10,9,6,4,0.1841312166656645,0.3,4
6591,99,10,9,6,4,0.28055023010968255,0.4,4
6592,99,10,9,6,4,0.2805502301096828,0.5,4
6593,99,10,9,6,6,0.7325762933232773,1.0,4
6594,99,10,10,6,2,0.055258337002961455,0.1,4
6595,99,10,10,6,2,0.055258337002961455,0.2,4
6596,99,10,10,6,4,0.17033075612219153,0.3,4
6597,99,10,10,6,4,0.17033075612219153,0.4,4
6598,99,10,10,6,4,0.17033075612219117,0.5,4
6599,99,10,10,6,8,0.9591874266052864,1.0,4
6600,100,10,0,5,2,0.022233383677374485,0.1,4
6601,100,10,0,5,2,0.022233383677374485,0.2,4
6602,100,10,0,5,4,0.17033075612219067,0.3,4
6603,100,10,0,5,4,0.1703307561221927,0.4,4
6604,100,10,0,5,4,0.20908707473270916,0.5,4
6605,100,10,0,5,8,0.9439760073685218,1.0,4
6606,100,10,1,5,2,0.053137855085022,0.1,4
6607,100,10,1,5,3,0.0807996684321684,0.2,4
6608,100,10,1,5,3,0.0807996684321684,0.3,4
6609,100,10,1,5,4,0.2805502301096827,0.4,4
6610,100,10,1,5,4,0.28055023010968266,0.5,4
6611,100,10,1,5,6,0.7803806526978544,1.0,4
6612,100,10,2,6,3,0.033393337561753784,0.1,4
6613,100,10,2,6,3,0.03339333756175374,0.2,4
6614,100,10,2,6,3,0.14666411036886162,0.3,4
6615,100,10,2,6,3,0.14666411036886184,0.4,4
6616,100,10,2,6,4,0.35108899331246074,0.5,4
6617,100,10,2,6,7,0.9023755888854442,1.0,4
6618,100,10,3,5,2,0.01520844399227761,0.1,4
6619,100,10,3,5,3,0.07918309047197507,0.2,4
6620,100,10,3,5,3,0.1564819706374869,0.3,4
6621,100,10,3,5,3,0.1564819706374869,0.4,4
6622,100,10,3,5,4,0.3144434953919933,0.5,4
6623,100,10,3,5,6,0.7965481359599246,1.0,4
6624,100,10,4,5,2,0.011922379891523782,0.1,4
6625,100,10,4,5,2,0.011922379891523782,0.2,4
6626,100,10,4,5,2,0.011922379891523782,0.3,4
6627,100,10,4,5,3,0.17174463384618952,0.4,4
6628,100,10,4,5,3,0.22490551185801558,0.5,4
6629,100,10,4,5,6,0.8545046712705349,1.0,4
6630,100,10,5,5,2,0.053137855085022,0.1,4
6631,100,10,5,5,3,0.0807996684321684,0.2,4
6632,100,10,5,5,3,0.0807996684321684,0.3,4
6633,100,10,5,5,3,0.0807996684321684,0.4,4
6634,100,10,5,5,3,0.0807996684321684,0.5,4
6635,100,10,5,5,7,0.8765163772714306,1.0,4
6636,100,10,6,5,2,0.01520844399227761,0.1,4
6637,100,10,6,5,3,0.07918309047197507,0.2,4
6638,100,10,6,5,3,0.07918309047197507,0.3,4
6639,100,10,6,5,4,0.18341552561779229,0.4,4
6640,100,10,6,5,4,0.1834155256177922,0.5,4
6641,100,10,6,5,8,0.9198188378657774,1.0,4
6642,100,10,7,5,2,0.10484712326062329,0.1,4
6643,100,10,7,5,3,0.07918309047197507,0.2,4
6644,100,10,7,5,3,0.14666411036886184,0.3,4
6645,100,10,7,5,4,0.28055023010968255,0.4,4
6646,100,10,7,5,4,0.31444349539199307,0.5,4
6647,100,10,7,5,7,0.9372932452462972,1.0,4
6648,100,10,8,6,2,0.022233383677374485,0.1,4
6649,100,10,8,6,3,0.07918309047197507,0.2,4
6650,100,10,8,6,3,0.16412665700534027,0.3,4
6651,100,10,8,6,4,0.18341552561779237,0.4,4
6652,100,10,8,6,5,0.4143995848306433,0.5,4
6653,100,10,8,6,8,0.9198188378657774,1.0,4
6654,100,10,9,6,2,0.053137855085022,0.1,4
6655,100,10,9,6,3,0.0807996684321684,0.2,4
6656,100,10,9,6,4,0.17033075612219092,0.3,4
6657,100,10,9,6,4,0.28055023010968266,0.4,4
6658,100,10,9,6,4,0.28055023010968266,0.5,4
6659,100,10,9,6,7,0.9372932452462972,1.0,4
6660,100,10,10,6,2,0.01520844399227761,0.1,4
6661,100,10,10,6,2,0.01520844399227761,0.2,4
6662,100,10,10,6,4,0.17033075612219206,0.3,4
6663,100,10,10,6,4,0.1703307561221918,0.4,4
6664,100,10,10,6,4,0.1703307561221915,0.5,4
6665,100,10,10,6,8,0.8729091837484803,1.0,4
6666,101,10,0,5,2,0.027355120589785842,0.1,4
6667,101,10,0,5,2,0.027355120589785842,0.2,4
6668,101,10,0,5,4,0.17033075612219195,0.3,4
6669,101,10,0,5,4,0.17033075612219145,0.4,4
6670,101,10,0,5,4,0.24258497551536665,0.5,4
6671,101,10,0,5,7,0.7449556603224788,1.0,4
6672,101,10,1,5,2,0.10272635935218238,0.1,4
6673,101,10,1,5,3,0.08079966843216856,0.2,4
6674,101,10,1,5,3,0.15190174490380992,0.3,4
6675,101,10,1,5,4,0.28055023010968266,0.4,4
6676,101,10,1,5,4,0.28055023010968266,0.5,4
6677,101,10,1,5,7,0.8241808369835099,1.0,4
6678,101,10,2,6,3,0.03339333756175383,0.1,4
6679,101,10,2,6,3,0.1060383978025832,0.2,4
6680,101,10,2,6,4,0.18413121666566437,0.3,4
6681,101,10,2,6,4,0.18413121666566437,0.4,4
6682,101,10,2,6,4,0.18413121666566465,0.5,4
6683,101,10,2,6,8,0.8576492035692959,1.0,4
6684,101,10,3,5,2,0.03438006027488272,0.1,4
6685,101,10,3,5,3,0.07918309047197539,0.2,4
6686,101,10,3,5,3,0.1564819706374869,0.3,4
6687,101,10,3,5,3,0.08410189265369172,0.4,4
6688,101,10,3,5,4,0.31444349539199284,0.5,4
6689,101,10,3,5,7,0.8150713649143804,1.0,4
6690,101,10,4,5,2,0.13152927727675712,0.1,4
6691,101,10,4,5,2,0.13152927727675712,0.2,4
6692,101,10,4,5,3,0.07402592113809774,0.3,4
6693,101,10,4,5,3,0.17174463384618952,0.4,4
6694,101,10,4,5,3,0.163102907122299,0.5,4
6695,101,10,4,5,7,0.8849645428572496,1.0,4
6696,101,10,5,5,2,0.10272635935218238,0.1,4
6697,101,10,5,5,3,0.08079966843216856,0.2,4
6698,101,10,5,5,4,0.18413121666566437,0.3,4
6699,101,10,5,5,4,0.18413121666566437,0.4,4
6700,101,10,5,5,4,0.18413121666566437,0.5,4
6701,101,10,5,5,8,0.857649203569296,1.0,4
6702,101,10,6,5,2,0.03438006027488272,0.1,4
6703,101,10,6,5,3,0.07918309047197519,0.2,4
6704,101,10,6,5,3,0.07918309047197519,0.3,4
6705,101,10,6,5,4,0.1834155256177923,0.4,4
6706,101,10,6,5,4,0.3072639625287204,0.5,4
6707,101,10,6,5,6,0.7209051750305335,1.0,4
6708,101,10,7,5,2,0.05525861899346296,0.1,4
6709,101,10,7,5,3,0.1060383978025832,0.2,4
6710,101,10,7,5,4,0.18413121666566437,0.3,4
6711,101,10,7,5,4,0.18413121666566437,0.4,4
6712,101,10,7,5,4,0.18413121666566465,0.5,4
6713,101,10,7,5,6,0.8005219261295188,1.0,4
6714,101,10,8,6,2,0.027355120589785842,0.1,4
6715,101,10,8,6,3,0.07918309047197519,0.2,4
6716,101,10,8,6,3,0.14161781832326256,0.3,4
6717,101,10,8,6,4,0.1834155256177924,0.4,4
6718,101,10,8,6,4,0.3072639625287204,0.5,4
6719,101,10,8,6,7,0.9086579600687011,1.0,4
6720,101,10,9,6,2,0.10272635935218238,0.1,4
6721,101,10,9,6,3,0.08079966843216856,0.2,4
6722,101,10,9,6,4,0.18413121666566437,0.3,4
6723,101,10,9,6,4,0.28055023010968266,0.4,4
6724,101,10,9,6,4,0.28055023010968266,0.5,4
6725,101,10,9,6,8,0.857649203569295,1.0,4
6726,101,10,10,6,2,0.03438006027488272,0.1,4
6727,101,10,10,6,2,0.03438006027488272,0.2,4
6728,101,10,10,6,4,0.1703307561221919,0.3,4
6729,101,10,10,6,4,0.17033075612219148,0.4,4
6730,101,10,10,6,4,0.17033075612219148,0.5,4
6731,101,10,10,6,8,0.959187426605288,1.0,4
6732,102,10,0,5,2,0.027355120589785842,0.1,4
6733,102,10,0,5,2,0.027355120589785842,0.2,4
6734,102,10,0,5,4,0.170330756122192,0.3,4
6735,102,10,0,5,4,0.170330756122192,0.4,4
6736,102,10,0,5,4,0.24258497551536665,0.5,4
6737,102,10,0,5,7,0.8607680273833089,1.0,4
6738,102,10,1,5,2,0.10272635935218238,0.1,4
6739,102,10,1,5,3,0.08079966843216839,0.2,4
6740,102,10,1,5,3,0.15190174490380987,0.3,4
6741,102,10,1,5,4,0.28055023010968283,0.4,4
6742,102,10,1,5,4,0.28055023010968266,0.5,4
6743,102,10,1,5,6,0.6898378922317179,1.0,4
6744,102,10,2,6,3,0.03339333756175383,0.1,4
6745,102,10,2,6,3,0.10603839780258324,0.2,4
6746,102,10,2,6,4,0.1841312166656646,0.3,4
6747,102,10,2,6,4,0.1841312166656646,0.4,4
6748,102,10,2,6,4,0.1841312166656646,0.5,4
6749,102,10,2,6,8,0.8576492035692949,1.0,4
6750,102,10,3,5,2,0.03438006027488272,0.1,4
6751,102,10,3,5,3,0.07918309047197537,0.2,4
6752,102,10,3,5,3,0.1564819706374869,0.3,4
6753,102,10,3,5,3,0.08410189265369172,0.4,4
6754,102,10,3,5,4,0.31444349539199284,0.5,4
6755,102,10,3,5,7,0.8150713649143805,1.0,4
6756,102,10,4,5,2,0.1166399242839935,0.1,4
6757,102,10,4,5,2,0.1166399242839935,0.2,4
6758,102,10,4,5,2,0.1166399242839935,0.3,4
6759,102,10,4,5,3,0.17174463384618924,0.4,4
6760,102,10,4,5,3,0.16310290712229925,0.5,4
6761,102,10,4,5,7,0.8849645428572497,1.0,4
6762,102,10,5,5,2,0.10272635935218238,0.1,4
6763,102,10,5,5,3,0.08079966843216856,0.2,4
6764,102,10,5,5,4,0.1841312166656646,0.3,4
6765,102,10,5,5,4,0.1841312166656646,0.4,4
6766,102,10,5,5,4,0.1841312166656646,0.5,4
6767,102,10,5,5,8,0.8576492035692959,1.0,4
6768,102,10,6,5,2,0.03438006027488272,0.1,4
6769,102,10,6,5,3,0.07918309047197539,0.2,4
6770,102,10,6,5,3,0.07918309047197539,0.3,4
6771,102,10,6,5,4,0.18341552561779223,0.4,4
6772,102,10,6,5,4,0.3072639625287206,0.5,4
6773,102,10,6,5,6,0.8292779346370682,1.0,4
6774,102,10,7,5,2,0.05525861899346296,0.1,4
6775,102,10,7,5,3,0.10603839780258324,0.2,4
6776,102,10,7,5,4,0.1841312166656646,0.3,4
6777,102,10,7,5,4,0.1841312166656646,0.4,4
6778,102,10,7,5,4,0.18413121666566457,0.5,4
6779,102,10,7,5,6,0.8005219261295181,1.0,4
6780,102,10,8,6,2,0.027355120589785842,0.1,4
6781,102,10,8,6,3,0.07918309047197539,0.2,4
6782,102,10,8,6,3,0.07918309047197507,0.3,4
6783,102,10,8,6,4,0.1834155256177923,0.4,4
6784,102,10,8,6,4,0.3072639625287206,0.5,4
6785,102,10,8,6,7,0.7150234430110998,1.0,4
6786,102,10,9,6,2,0.10272635935218238,0.1,4
6787,102,10,9,6,3,0.08079966843216856,0.2,4
6788,102,10,9,6,4,0.1841312166656646,0.3,4
6789,102,10,9,6,4,0.28055023010968266,0.4,4
6790,102,10,9,6,4,0.28055023010968266,0.5,4
6791,102,10,9,6,8,0.8576492035692954,1.0,4
6792,102,10,10,6,2,0.03438006027488272,0.1,4
6793,102,10,10,6,2,0.03438006027488272,0.2,4
6794,102,10,10,6,4,0.17033075612219215,0.3,4
6795,102,10,10,6,4,0.17033075612219148,0.4,4
6796,102,10,10,6,4,0.17033075612219215,0.5,4
6797,102,10,10,6,7,0.8547918130734526,1.0,4
6798,103,11,0,5,2,0.06517233416225099,0.1,4
6799,103,11,0,5,3,0.09943914206060764,0.2,4
6800,103,11,0,5,3,0.09943914206060768,0.3,4
6801,103,11,0,5,3,0.09943914206060768,0.4,4
6802,103,11,0,5,4,0.20908707473270927,0.5,4
6803,103,11,0,5,6,0.7481527171707606,1.0,4
6804,103,11,1,5,2,0.03439817405344736,0.1,4
6805,103,11,1,5,2,0.14054357292464753,0.2,4
6806,103,11,1,5,3,0.07290375711085256,0.3,4
6807,103,11,1,5,3,0.15190174490380992,0.4,4
6808,103,11,1,5,3,0.15190174490380992,0.5,4
6809,103,11,1,5,6,0.7817928779985435,1.0,4
6810,103,11,2,6,2,0.017441405420997813,0.1,4
6811,103,11,2,6,3,0.1255987903834147,0.2,4
6812,103,11,2,6,3,0.1255987903834147,0.3,4
6813,103,11,2,6,3,0.1304242055923083,0.4,4
6814,103,11,2,6,4,0.2526648953022493,0.5,4
6815,103,11,2,6,7,0.8309124168320878,1.0,4
6816,103,11,3,5,2,0.07219727384734786,0.1,4
6817,103,11,3,5,3,0.07918309047197547,0.2,4
6818,103,11,3,5,3,0.1740144104569424,0.3,4
6819,103,11,3,5,3,0.1740144104569424,0.4,4
6820,103,11,3,5,4,0.3144434953919937,0.5,4
6821,103,11,3,5,6,0.7293460400129754,1.0,4
6822,103,11,4,5,2,0.017441405420997813,0.1,4
6823,103,11,4,5,3,0.12559879038341482,0.2,4
6824,103,11,4,5,3,0.1255987903834147,0.3,4
6825,103,11,4,5,3,0.1255987903834147,0.4,4
6826,103,11,4,5,3,0.2249055118580151,0.5,4
6827,103,11,4,5,6,0.8210106894605461,1.0,4
6828,103,11,5,5,2,0.03439817405344736,0.1,4
6829,103,11,5,5,3,0.12559879038341482,0.2,4
6830,103,11,5,5,3,0.07290375711085256,0.3,4
6831,103,11,5,5,3,0.20618970634843248,0.4,4
6832,103,11,5,5,4,0.2526648953022493,0.5,4
6833,103,11,5,5,6,0.8114783294411334,1.0,4
6834,103,11,6,5,2,0.07219727384734786,0.1,4
6835,103,11,6,5,3,0.07918309047197539,0.2,4
6836,103,11,6,5,3,0.07918309047197539,0.3,4
6837,103,11,6,5,3,0.07918309047197539,0.4,4
6838,103,11,6,5,3,0.2726173018085444,0.5,4
6839,103,11,6,5,6,0.6006514337847035,1.0,4
6840,103,11,7,5,2,0.017441405420997813,0.1,4
6841,103,11,7,5,3,0.07918309047197539,0.2,4
6842,103,11,7,5,3,0.07918309047197519,0.3,4
6843,103,11,7,5,4,0.20759239901833404,0.4,4
6844,103,11,7,5,4,0.20759239901833418,0.5,4
6845,103,11,7,5,5,0.8069040435028534,1.0,4
6846,103,11,8,6,2,0.06517233416225099,0.1,4
6847,103,11,8,6,3,0.09943914206060764,0.2,4
6848,103,11,8,6,3,0.16002471096435752,0.3,4
6849,103,11,8,6,3,0.16002471096435752,0.4,4
6850,103,11,8,6,4,0.20908707473270927,0.5,4
6851,103,11,8,6,8,0.6838006868973292,1.0,4
6852,103,11,9,6,2,0.03439817405344736,0.1,4
6853,103,11,9,6,3,0.1255987903834147,0.2,4
6854,103,11,9,6,3,0.07290375711085256,0.3,4
6855,103,11,9,6,4,0.20759239901833404,0.4,4
6856,103,11,9,6,4,0.2526648953022493,0.5,4
6857,103,11,9,6,7,0.6994972425247866,1.0,4
6858,103,11,10,6,2,0.07219727384734786,0.1,4
6859,103,11,10,6,3,0.1255987903834146,0.2,4
6860,103,11,10,6,3,0.1740144104569424,0.3,4
6861,103,11,10,6,4,0.20759239901833365,0.4,4
6862,103,11,10,6,4,0.20759239901833365,0.5,4
6863,103,11,10,6,6,0.6748673095954142,1.0,4
6864,104,11,0,5,2,0.12314616795856992,0.1,4
6865,104,11,0,5,2,0.12314616795856992,0.2,4
6866,104,11,0,5,3,0.0994391420606077,0.3,4
6867,104,11,0,5,3,0.0994391420606077,0.4,4
6868,104,11,0,5,3,0.0994391420606077,0.5,4
6869,104,11,0,5,6,0.7166474174290381,1.0,4
6870,104,11,1,5,2,0.04777492919617343,0.1,4
6871,104,11,1,5,2,0.04777492919617343,0.2,4
6872,104,11,1,5,3,0.07290375711085269,0.3,4
6873,104,11,1,5,3,0.07290375711085267,0.4,4
6874,104,11,1,5,3,0.12081147570849275,0.5,4
6875,104,11,1,5,7,0.8398640257098914,1.0,4
6876,104,11,2,6,2,0.017441405420997813,0.1,4
6877,104,11,2,6,2,0.14861920498520287,0.2,4
6878,104,11,2,6,3,0.07290375711085267,0.3,4
6879,104,11,2,6,3,0.13042420559230822,0.4,4
6880,104,11,2,6,4,0.25266489530224967,0.5,4
6881,104,11,2,6,9,0.8091947089452638,1.0,4
6882,104,11,3,5,2,0.11612122827347304,0.1,4
6883,104,11,3,5,2,0.11612122827347304,0.2,4
6884,104,11,3,5,2,0.11612122827347304,0.3,4
6885,104,11,3,5,3,0.25401741648205406,0.4,4
6886,104,11,3,5,3,0.1696357272944853,0.5,4
6887,104,11,3,5,7,0.6329830796482558,1.0,4
6888,104,11,4,5,2,0.1166399242839935,0.1,4
6889,104,11,4,5,2,0.1166399242839935,0.2,4
6890,104,11,4,5,2,0.1166399242839935,0.3,4
6891,104,11,4,5,2,0.1166399242839935,0.4,4
6892,104,11,4,5,2,0.1166399242839935,0.5,4
6893,104,11,4,5,7,0.7116910171749727,1.0,4
6894,104,11,5,5,2,0.04777492919617343,0.1,4
6895,104,11,5,5,2,0.04777492919617343,0.2,4
6896,104,11,5,5,3,0.07290375711085267,0.3,4
6897,104,11,5,5,3,0.07290375711085267,0.4,4
6898,104,11,5,5,4,0.2526648953022495,0.5,4
6899,104,11,5,5,8,0.7561896552517627,1.0,4
6900,104,11,6,5,2,0.11612122827347304,0.1,4
6901,104,11,6,5,2,0.11612122827347304,0.2,4
6902,104,11,6,5,2,0.11612122827347304,0.3,4
6903,104,11,6,5,3,0.22718059491084253,0.4,4
6904,104,11,6,5,3,0.22718059491084258,0.5,4
6905,104,11,6,5,7,0.6535135342546669,1.0,4
6906,104,11,7,5,2,0.017441405420997813,0.1,4
6907,104,11,7,5,2,0.14861920498520287,0.2,4
6908,104,11,7,5,3,0.07290375711085266,0.3,4
6909,104,11,7,5,3,0.13042420559230822,0.4,4
6910,104,11,7,5,4,0.31524124151965505,0.5,4
6911,104,11,7,5,8,0.6911053438205836,1.0,4
6912,104,11,8,6,2,0.12314616795856992,0.1,4
6913,104,11,8,6,2,0.12314616795856992,0.2,4
6914,104,11,8,6,3,0.0994391420606077,0.3,4
6915,104,11,8,6,3,0.1600247109643574,0.4,4
6916,104,11,8,6,4,0.25974293976149293,0.5,4
6917,104,11,8,6,9,0.8091947089452638,1.0,4
6918,104,11,9,6,2,0.04777492919617343,0.1,4
6919,104,11,9,6,2,0.04777492919617343,0.2,4
6920,104,11,9,6,3,0.07290375711085267,0.3,4
6921,104,11,9,6,3,0.11723528433266195,0.4,4
6922,104,11,9,6,4,0.252664895302249,0.5,4
6923,104,11,9,6,8,0.7561896552517625,1.0,4
6924,104,11,10,6,2,0.11612122827347304,0.1,4
6925,104,11,10,6,2,0.11612122827347304,0.2,4
6926,104,11,10,6,3,0.0994391420606077,0.3,4
6927,104,11,10,6,3,0.25401741648205406,0.4,4
6928,104,11,10,6,4,0.3152412415196548,0.5,4
6929,104,11,10,6,9,0.8091947089452637,1.0,4
6930,105,11,0,5,2,0.11784070001932567,0.1,4
6931,105,11,0,5,2,0.160167535422712,0.2,4
6932,105,11,0,5,3,0.09943914206060762,0.3,4
6933,105,11,0,5,3,0.09943914206060762,0.4,4
6934,105,11,0,5,3,0.1482979134654588,0.5,4
6935,105,11,0,5,7,0.7143984417433045,1.0,4
6936,105,11,1,5,2,0.08479629666031546,0.1,4
6937,105,11,1,5,2,0.08479629666031546,0.2,4
6938,105,11,1,5,3,0.07290375711085266,0.3,4
6939,105,11,1,5,3,0.07290375711085256,0.4,4
6940,105,11,1,5,3,0.11506469698992457,0.5,4
6941,105,11,1,5,7,0.7112300712071941,1.0,4
6942,105,11,2,6,2,0.017441405420997813,0.1,4
6943,105,11,2,6,2,0.14861920498520287,0.2,4
6944,105,11,2,6,3,0.07290375711085266,0.3,4
6945,105,11,2,6,3,0.13042420559230822,0.4,4
6946,105,11,2,6,4,0.2859549133710178,0.5,4
6947,105,11,2,6,9,0.8091947089452645,1.0,4
6948,105,11,3,5,2,0.1108157603342288,0.1,4
6949,105,11,3,5,2,0.15314259573761513,0.2,4
6950,105,11,3,5,3,0.13671456721644698,0.3,4
6951,105,11,3,5,3,0.25401741648205406,0.4,4
6952,105,11,3,5,3,0.25401741648205406,0.5,4
6953,105,11,3,5,7,0.6329830796482558,1.0,4
6954,105,11,4,5,2,0.017441405420997813,0.1,4
6955,105,11,4,5,2,0.13152927727675712,0.2,4
6956,105,11,4,5,2,0.13152927727675712,0.3,4
6957,105,11,4,5,2,0.13152927727675712,0.4,4
6958,105,11,4,5,2,0.13152927727675712,0.5,4
6959,105,11,4,5,7,0.7116910171749726,1.0,4
6960,105,11,5,5,2,0.08479629666031546,0.1,4
6961,105,11,5,5,2,0.08479629666031546,0.2,4
6962,105,11,5,5,3,0.07290375711085266,0.3,4
6963,105,11,5,5,3,0.11723528433266237,0.4,4
6964,105,11,5,5,3,0.11723528433266237,0.5,4
6965,105,11,5,5,8,0.756189655251763,1.0,4
6966,105,11,6,5,2,0.1108157603342288,0.1,4
6967,105,11,6,5,2,0.15314259573761513,0.2,4
6968,105,11,6,5,3,0.1367145672164472,0.3,4
6969,105,11,6,5,3,0.22718059491084283,0.4,4
6970,105,11,6,5,3,0.1699174270662935,0.5,4
6971,105,11,6,5,7,0.653513534254667,1.0,4
6972,105,11,7,5,2,0.017441405420997813,0.1,4
6973,105,11,7,5,2,0.14861920498520287,0.2,4
6974,105,11,7,5,3,0.07290375711085256,0.3,4
6975,105,11,7,5,3,0.13042420559230822,0.4,4
6976,105,11,7,5,4,0.31524124151965494,0.5,4
6977,105,11,7,5,8,0.6911053438205838,1.0,4
6978,105,11,8,6,2,0.11784070001932567,0.1,4
6979,105,11,8,6,2,0.160167535422712,0.2,4
6980,105,11,8,6,3,0.13671456721644643,0.3,4
6981,105,11,8,6,3,0.1367145672164472,0.4,4
6982,105,11,8,6,4,0.2597429397614938,0.5,4
6983,105,11,8,6,9,0.809194708945264,1.0,4
6984,105,11,9,6,2,0.08479629666031546,0.1,4
6985,105,11,9,6,2,0.08479629666031546,0.2,4
6986,105,11,9,6,3,0.07290375711085266,0.3,4
6987,105,11,9,6,3,0.11723528433266212,0.4,4
6988,105,11,9,6,4,0.3152412415196549,0.5,4
6989,105,11,9,6,8,0.6911053438205843,1.0,4
6990,105,11,10,6,2,0.1108157603342288,0.1,4
6991,105,11,10,6,2,0.15314259573761513,0.2,4
6992,105,11,10,6,3,0.09943914206060762,0.3,4
6993,105,11,10,6,3,0.25401741648205406,0.4,4
6994,105,11,10,6,4,0.3152412415196549,0.5,4
6995,105,11,10,6,9,0.8091947089452639,1.0,4
6996,106,11,0,5,2,0.05367153006679837,0.1,4
6997,106,11,0,5,2,0.05367153006679837,0.2,4
6998,106,11,0,5,4,0.17033075612219103,0.3,4
6999,106,11,0,5,4,0.170330756122192,0.4,4
7000,106,11,0,5,4,0.24258497551536648,0.5,4
7001,106,11,0,5,7,0.860768027383309,1.0,4
7002,106,11,1,5,2,0.1290427688291949,0.1,4
7003,106,11,1,5,3,0.08079966843216856,0.2,4
7004,106,11,1,5,3,0.13050223578749798,0.3,4
7005,106,11,1,5,4,0.2805502301096825,0.4,4
7006,106,11,1,5,4,0.2805502301096827,0.5,4
7007,106,11,1,5,7,0.8241808369835093,1.0,4
7008,106,11,2,6,3,0.03339333756175369,0.1,4
7009,106,11,2,6,3,0.10603839780258308,0.2,4
7010,106,11,2,6,4,0.18413121666566437,0.3,4
7011,106,11,2,6,4,0.18413121666566437,0.4,4
7012,106,11,2,6,4,0.18413121666566437,0.5,4
7013,106,11,2,6,8,0.8576492035692957,1.0,4
7014,106,11,3,5,2,0.06069646975189524,0.1,4
7015,106,11,3,5,3,0.07918309047197539,0.2,4
7016,106,11,3,5,3,0.1564819706374869,0.3,4
7017,106,11,3,5,3,0.08410189265369172,0.4,4
7018,106,11,3,5,4,0.3144434953919932,0.5,4
7019,106,11,3,5,7,0.8150713649143808,1.0,4
7020,106,11,4,5,2,0.1166399242839935,0.1,4
7021,106,11,4,5,2,0.1166399242839935,0.2,4
7022,106,11,4,5,3,0.07402592113809658,0.3,4
7023,106,11,4,5,3,0.17174463384618952,0.4,4
7024,106,11,4,5,3,0.16310290712229925,0.5,4
7025,106,11,4,5,7,0.8849645428572497,1.0,4
7026,106,11,5,5,2,0.1290427688291949,0.1,4
7027,106,11,5,5,3,0.08079966843216856,0.2,4
7028,106,11,5,5,4,0.18413121666566437,0.3,4
7029,106,11,5,5,4,0.18413121666566437,0.4,4
7030,106,11,5,5,4,0.18413121666566437,0.5,4
7031,106,11,5,5,8,0.8576492035692956,1.0,4
7032,106,11,6,5,2,0.06069646975189524,0.1,4
7033,106,11,6,5,3,0.07918309047197539,0.2,4
7034,106,11,6,5,3,0.07918309047197539,0.3,4
7035,106,11,6,5,4,0.18341552561779245,0.4,4
7036,106,11,6,5,4,0.3072639625287204,0.5,4
7037,106,11,6,5,6,0.7209051750305341,1.0,4
7038,106,11,7,5,2,0.028942209516450434,0.1,4
7039,106,11,7,5,3,0.1060383978025832,0.2,4
7040,106,11,7,5,4,0.18413121666566437,0.3,4
7041,106,11,7,5,4,0.18413121666566437,0.4,4
7042,106,11,7,5,4,0.18413121666566437,0.5,4
7043,106,11,7,5,6,0.8005219261295182,1.0,4
7044,106,11,8,6,2,0.05367153006679837,0.1,4
7045,106,11,8,6,3,0.07918309047197519,0.2,4
7046,106,11,8,6,3,0.14161781832326256,0.3,4
7047,106,11,8,6,4,0.18341552561779237,0.4,4
7048,106,11,8,6,4,0.3072639625287205,0.5,4
7049,106,11,8,6,7,0.7150234430110991,1.0,4
7050,106,11,9,6,2,0.1290427688291949,0.1,4
7051,106,11,9,6,3,0.08079966843216856,0.2,4
7052,106,11,9,6,4,0.18413121666566437,0.3,4
7053,106,11,9,6,4,0.28055023010968266,0.4,4
7054,106,11,9,6,4,0.2805502301096826,0.5,4
7055,106,11,9,6,8,0.8576492035692966,1.0,4
7056,106,11,10,6,2,0.06069646975189524,0.1,4
7057,106,11,10,6,2,0.06069646975189524,0.2,4
7058,106,11,10,6,4,0.17033075612219145,0.3,4
7059,106,11,10,6,4,0.17033075612219215,0.4,4
7060,106,11,10,6,4,0.17033075612219248,0.5,4
7061,106,11,10,6,8,0.959187426605287,1.0,4
7062,107,11,0,5,2,0.06600546540195407,0.1,4
7063,107,11,0,5,3,0.09943914206060768,0.2,4
7064,107,11,0,5,3,0.09943914206060764,0.3,4
7065,107,11,0,5,3,0.09943914206060767,0.4,4
7066,107,11,0,5,3,0.14829791346545906,0.5,4
7067,107,11,0,5,7,0.7149956031228656,1.0,4
7068,107,11,1,5,2,0.009365773360442475,0.1,4
7069,107,11,1,5,2,0.009365773360442475,0.2,4
7070,107,11,1,5,3,0.07290375711085267,0.3,4
7071,107,11,1,5,3,0.07290375711085256,0.4,4
7072,107,11,1,5,3,0.11506469698992457,0.5,4
7073,107,11,1,5,7,0.6170477972844278,1.0,4
7074,107,11,2,6,2,0.10484712326062329,0.1,4
7075,107,11,2,6,3,0.1255987903834147,0.2,4
7076,107,11,2,6,3,0.12559879038341465,0.3,4
7077,107,11,2,6,3,0.1304242055923083,0.4,4
7078,107,11,2,6,4,0.2526648953022493,0.5,4
7079,107,11,2,6,8,0.805779598030535,1.0,4
7080,107,11,3,5,2,0.05898052571685719,0.1,4
7081,107,11,3,5,3,0.07918309047197547,0.2,4
7082,107,11,3,5,3,0.17401441045694235,0.3,4
7083,107,11,3,5,3,0.25401741648205406,0.4,4
7084,107,11,3,5,3,0.16963572729448534,0.5,4
7085,107,11,3,5,7,0.6494558525048784,1.0,4
7086,107,11,4,5,2,0.1166399242839935,0.1,4
7087,107,11,4,5,3,0.1255987903834147,0.2,4
7088,107,11,4,5,3,0.12559879038341465,0.3,4
7089,107,11,4,5,3,0.12559879038341482,0.4,4
7090,107,11,4,5,3,0.2249055118580156,0.5,4
7091,107,11,4,5,7,0.7116910171749727,1.0,4
7092,107,11,5,5,2,0.009365773360442475,0.1,4
7093,107,11,5,5,3,0.1255987903834147,0.2,4
7094,107,11,5,5,3,0.07290375711085269,0.3,4
7095,107,11,5,5,3,0.07290375711085269,0.4,4
7096,107,11,5,5,4,0.25266489530224934,0.5,4
7097,107,11,5,5,7,0.6882021028804696,1.0,4
7098,107,11,6,5,2,0.05898052571685719,0.1,4
7099,107,11,6,5,3,0.07918309047197516,0.2,4
7100,107,11,6,5,3,0.07918309047197516,0.3,4
7101,107,11,6,5,3,0.07918309047197516,0.4,4
7102,107,11,6,5,3,0.07918309047197519,0.5,4
7103,107,11,6,5,9,0.8514711990206305,1.0,4
7104,107,11,7,5,2,0.10484712326062329,0.1,4
7105,107,11,7,5,3,0.07918309047197519,0.2,4
7106,107,11,7,5,3,0.07918309047197516,0.3,4
7107,107,11,7,5,4,0.20759239901833396,0.4,4
7108,107,11,7,5,4,0.2075923990183341,0.5,4
7109,107,11,7,5,7,0.7740674168678436,1.0,4
7110,107,11,8,6,2,0.06600546540195407,0.1,4
7111,107,11,8,6,3,0.09943914206060764,0.2,4
7112,107,11,8,6,3,0.16002471096435691,0.3,4
7113,107,11,8,6,3,0.16002471096435691,0.4,4
7114,107,11,8,6,3,0.14829791346545906,0.5,4
7115,107,11,8,6,9,0.8514711990206312,1.0,4
7116,107,11,9,6,2,0.009365773360442475,0.1,4
7117,107,11,9,6,3,0.12559879038341465,0.2,4
7118,107,11,9,6,3,0.07290375711085269,0.3,4
7119,107,11,9,6,4,0.2075923990183342,0.4,4
7120,107,11,9,6,4,0.25266489530224945,0.5,4
7121,107,11,9,6,7,0.7453135972039314,1.0,4
7122,107,11,10,6,2,0.05898052571685719,0.1,4
7123,107,11,10,6,3,0.09943914206060764,0.2,4
7124,107,11,10,6,3,0.17401441045694244,0.3,4
7125,107,11,10,6,4,0.2075923990183339,0.4,4
7126,107,11,10,6,4,0.20759239901833432,0.5,4
7127,107,11,10,6,8,0.7308401155862498,1.0,4
7128,108,5,0,5,2,0.032449431670398265,0.1,4
7129,108,5,0,5,2,0.032449431670398265,0.2,4
7130,108,5,0,5,3,0.15648197063748695,0.3,4
7131,108,5,0,5,3,0.15648197063748717,0.4,4
7132,108,5,0,5,3,0.1698972168893509,0.5,4
7133,108,5,0,5,4,0.729707047388051,1.0,4
7134,108,5,1,5,2,0.10782067043279486,0.1,4
7135,108,5,1,5,3,0.10603839780258308,0.2,4
7136,108,5,1,5,3,0.10603839780258308,0.3,4
7137,108,5,1,5,3,0.1514633526758613,0.4,4
7138,108,5,1,5,3,0.19496580915758568,0.5,4
7139,108,5,1,5,4,0.5312065629452188,1.0,4
7140,108,5,2,6,3,0.033393337561753667,0.1,4
7141,108,5,2,6,3,0.10603839780258308,0.2,4
7142,108,5,2,6,4,0.18413121666566462,0.3,4
7143,108,5,2,6,4,0.18413121666566437,0.4,4
7144,108,5,2,6,4,0.18413121666566437,0.5,4
7145,108,5,2,6,5,0.4975183194067747,1.0,4
7146,108,5,3,5,2,0.03947437135549514,0.1,4
7147,108,5,3,5,2,0.03947437135549514,0.2,4
7148,108,5,3,5,3,0.15648197063748695,0.3,4
7149,108,5,3,5,3,0.15648197063748695,0.4,4
7150,108,5,3,5,3,0.15648197063748706,0.5,4
7151,108,5,3,5,5,0.5887672344219755,1.0,4
7152,108,5,4,5,2,0.050164307912850536,0.1,4
7153,108,5,4,5,2,0.050164307912850536,0.2,4
7154,108,5,4,5,2,0.050164307912850536,0.3,4
7155,108,5,4,5,3,0.17174463384618952,0.4,4
7156,108,5,4,5,3,0.31877343118058565,0.5,4
7157,108,5,4,5,4,0.63137082487271,1.0,4
7158,108,5,5,5,2,0.10782067043279486,0.1,4
7159,108,5,5,5,3,0.1060383978025832,0.2,4
7160,108,5,5,5,4,0.18413121666566443,0.3,4
7161,108,5,5,5,4,0.1841312166656646,0.4,4
7162,108,5,5,5,4,0.18413121666566445,0.5,4
7163,108,5,5,5,5,0.49751831940677527,1.0,4
7164,108,5,6,5,2,0.03947437135549514,0.1,4
7165,108,5,6,5,2,0.03947437135549514,0.2,4
7166,108,5,6,5,3,0.17724300339680957,0.3,4
7167,108,5,6,5,3,0.1772430033968096,0.4,4
7168,108,5,6,5,4,0.3072639625287204,0.5,4
7169,108,5,6,5,4,0.5969675387119521,1.0,4
7170,108,5,7,5,2,0.050164307912850536,0.1,4
7171,108,5,7,5,3,0.10603839780258345,0.2,4
7172,108,5,7,5,4,0.18413121666566437,0.3,4
7173,108,5,7,5,4,0.1841312166656644,0.4,4
7174,108,5,7,5,4,0.18413121666566437,0.5,4
7175,108,5,7,5,5,0.4975183194067746,1.0,4
7176,108,5,8,6,2,0.032449431670398265,0.1,4
7177,108,5,8,6,2,0.032449431670398265,0.2,4
7178,108,5,8,6,3,0.1772430033968096,0.3,4
7179,108,5,8,6,3,0.17724300339680926,0.4,4
7180,108,5,8,6,4,0.3072639625287206,0.5,4
7181,108,5,8,6,4,0.7297070473880508,1.0,4
7182,108,5,9,6,2,0.10782067043279486,0.1,4
7183,108,5,9,6,3,0.10603839780258345,0.2,4
7184,108,5,9,6,4,0.18413121666566443,0.3,4
7185,108,5,9,6,4,0.18413121666566443,0.4,4
7186,108,5,9,6,4,0.18413121666566445,0.5,4
7187,108,5,9,6,5,0.6533279334251368,1.0,4
7188,108,5,10,6,2,0.03947437135549514,0.1,4
7189,108,5,10,6,2,0.03947437135549514,0.2,4
7190,108,5,10,6,3,0.1564819706374871,0.3,4
7191,108,5,10,6,3,0.15648197063748695,0.4,4
7192,108,5,10,6,4,0.30321445779513084,0.5,4
7193,108,5,10,6,5,0.6112722637483364,1.0,4
7194,109,11,0,5,2,0.10976941281584396,0.1,4
7195,109,11,0,5,3,0.0994391420606077,0.2,4
7196,109,11,0,5,3,0.0994391420606077,0.3,4
7197,109,11,0,5,3,0.0994391420606077,0.4,4
7198,109,11,0,5,3,0.0994391420606077,0.5,4
7199,109,11,0,5,7,0.7149956031228648,1.0,4
7200,109,11,1,5,2,0.03439817405344736,0.1,4
7201,109,11,1,5,2,0.03439817405344736,0.2,4
7202,109,11,1,5,3,0.07290375711085266,0.3,4
7203,109,11,1,5,3,0.07290375711085266,0.4,4
7204,109,11,1,5,3,0.11506469698992494,0.5,4
7205,109,11,1,5,7,0.6170477972844279,1.0,4
7206,109,11,2,6,2,0.017441405420997813,0.1,4
7207,109,11,2,6,3,0.12559879038341482,0.2,4
7208,109,11,2,6,3,0.1255987903834147,0.3,4
7209,109,11,2,6,3,0.13042420559230822,0.4,4
7210,109,11,2,6,4,0.2526648953022499,0.5,4
7211,109,11,2,6,8,0.8057795980305331,1.0,4
7212,109,11,3,5,2,0.10274447313074708,0.1,4
7213,109,11,3,5,2,0.10274447313074708,0.2,4
7214,109,11,3,5,3,0.17401441045694255,0.3,4
7215,109,11,3,5,3,0.17401441045694255,0.4,4
7216,109,11,3,5,3,0.1696357272944853,0.5,4
7217,109,11,3,5,7,0.6494558525048786,1.0,4
7218,109,11,4,5,2,0.017441405420997813,0.1,4
7219,109,11,4,5,3,0.1255987903834147,0.2,4
7220,109,11,4,5,3,0.1255987903834147,0.3,4
7221,109,11,4,5,3,0.1255987903834147,0.4,4
7222,109,11,4,5,3,0.1255987903834147,0.5,4
7223,109,11,4,5,7,0.7116910171749727,1.0,4
7224,109,11,5,5,2,0.03439817405344736,0.1,4
7225,109,11,5,5,3,0.1255987903834147,0.2,4
7226,109,11,5,5,3,0.07290375711085266,0.3,4
7227,109,11,5,5,3,0.07290375711085266,0.4,4
7228,109,11,5,5,4,0.2526648953022499,0.5,4
7229,109,11,5,5,7,0.6882021028804701,1.0,4
7230,109,11,6,5,2,0.10274447313074708,0.1,4
7231,109,11,6,5,2,0.10274447313074708,0.2,4
7232,109,11,6,5,3,0.17401441045694255,0.3,4
7233,109,11,6,5,3,0.1189085130209091,0.4,4
7234,109,11,6,5,3,0.1189085130209091,0.5,4
7235,109,11,6,5,9,0.8514711990206296,1.0,4
7236,109,11,7,5,2,0.017441405420997813,0.1,4
7237,109,11,7,5,2,0.14861920498520287,0.2,4
7238,109,11,7,5,3,0.07290375711085266,0.3,4
7239,109,11,7,5,4,0.20759239901833382,0.4,4
7240,109,11,7,5,4,0.20759239901833407,0.5,4
7241,109,11,7,5,7,0.7740674168678437,1.0,4
7242,109,11,8,6,2,0.10976941281584396,0.1,4
7243,109,11,8,6,3,0.0994391420606077,0.2,4
7244,109,11,8,6,3,0.1600247109643574,0.3,4
7245,109,11,8,6,3,0.1600247109643574,0.4,4
7246,109,11,8,6,3,0.1600247109643574,0.5,4
7247,109,11,8,6,9,0.8514711990206306,1.0,4
7248,109,11,9,6,2,0.03439817405344736,0.1,4
7249,109,11,9,6,3,0.1255987903834147,0.2,4
7250,109,11,9,6,3,0.07290375711085266,0.3,4
7251,109,11,9,6,4,0.20759239901833385,0.4,4
7252,109,11,9,6,4,0.2526648953022499,0.5,4
7253,109,11,9,6,7,0.709257117561274,1.0,4
7254,109,11,10,6,2,0.10274447313074708,0.1,4
7255,109,11,10,6,3,0.0994391420606077,0.2,4
7256,109,11,10,6,3,0.17401441045694255,0.3,4
7257,109,11,10,6,4,0.20759239901833393,0.4,4
7258,109,11,10,6,4,0.20759239901833415,0.5,4
7259,109,11,10,6,8,0.73084011558625,1.0,4
7260,110,11,0,5,2,0.032449431670398265,0.1,4
7261,110,11,0,5,2,0.032449431670398265,0.2,4
7262,110,11,0,5,4,0.1703307561221906,0.3,4
7263,110,11,0,5,4,0.1703307561221906,0.4,4
7264,110,11,0,5,4,0.24258497551536645,0.5,4
7265,110,11,0,5,7,0.9041211851596972,1.0,4
7266,110,11,1,5,2,0.10782067043279486,0.1,4
7267,110,11,1,5,3,0.08079966843216856,0.2,4
7268,110,11,1,5,3,0.15190174490380992,0.3,4
7269,110,11,1,5,4,0.2805502301096826,0.4,4
7270,110,11,1,5,4,0.2805502301096826,0.5,4
7271,110,11,1,5,6,0.7803806526978556,1.0,4
7272,110,11,2,6,3,0.03339333756175383,0.1,4
7273,110,11,2,6,3,0.10603839780258324,0.2,4
7274,110,11,2,6,4,0.18413121666566437,0.3,4
7275,110,11,2,6,4,0.18413121666566437,0.4,4
7276,110,11,2,6,4,0.18413121666566454,0.5,4
7277,110,11,2,6,7,0.7577643083020666,1.0,4
7278,110,11,3,5,2,0.03947437135549514,0.1,4
7279,110,11,3,5,3,0.07918309047197507,0.2,4
7280,110,11,3,5,3,0.1564819706374869,0.3,4
7281,110,11,3,5,3,0.1564819706374869,0.4,4
7282,110,11,3,5,4,0.31444349539199323,0.5,4
7283,110,11,3,5,7,0.8150713649143811,1.0,4
7284,110,11,4,5,2,0.055019654589847145,0.1,4
7285,110,11,4,5,2,0.055019654589847145,0.2,4
7286,110,11,4,5,2,0.055019654589847145,0.3,4
7287,110,11,4,5,3,0.17174463384618952,0.4,4
7288,110,11,4,5,3,0.163102907122299,0.5,4
7289,110,11,4,5,7,0.8849645428572497,1.0,4
7290,110,11,5,5,2,0.10782067043279486,0.1,4
7291,110,11,5,5,3,0.08079966843216856,0.2,4
7292,110,11,5,5,4,0.18413121666566443,0.3,4
7293,110,11,5,5,4,0.18413121666566437,0.4,4
7294,110,11,5,5,4,0.18413121666566437,0.5,4
7295,110,11,5,5,7,0.7865016667584785,1.0,4
7296,110,11,6,5,2,0.03947437135549514,0.1,4
7297,110,11,6,5,3,0.07918309047197519,0.2,4
7298,110,11,6,5,3,0.07918309047197505,0.3,4
7299,110,11,6,5,4,0.1834155256177925,0.4,4
7300,110,11,6,5,4,0.3072639625287204,0.5,4
7301,110,11,6,5,7,0.8789952512789021,1.0,4
7302,110,11,7,5,2,0.050164307912850536,0.1,4
7303,110,11,7,5,3,0.1060383978025832,0.2,4
7304,110,11,7,5,4,0.18413121666566437,0.3,4
7305,110,11,7,5,4,0.18413121666566437,0.4,4
7306,110,11,7,5,4,0.18413121666566437,0.5,4
7307,110,11,7,5,6,0.8005219261295182,1.0,4
7308,110,11,8,6,2,0.032449431670398265,0.1,4
7309,110,11,8,6,3,0.07918309047197516,0.2,4
7310,110,11,8,6,3,0.1416178183232624,0.3,4
7311,110,11,8,6,4,0.18341552561779245,0.4,4
7312,110,11,8,6,4,0.24258497551536645,0.5,4
7313,110,11,8,6,9,0.9712434187246479,1.0,4
7314,110,11,9,6,2,0.10782067043279486,0.1,4
7315,110,11,9,6,3,0.08079966843216856,0.2,4
7316,110,11,9,6,4,0.18413121666566443,0.3,4
7317,110,11,9,6,4,0.2805502301096826,0.4,4
7318,110,11,9,6,4,0.2805502301096826,0.5,4
7319,110,11,9,6,7,0.7865016667584787,1.0,4
7320,110,11,10,6,2,0.03947437135549514,0.1,4
7321,110,11,10,6,2,0.03947437135549514,0.2,4
7322,110,11,10,6,4,0.17033075612219092,0.3,4
7323,110,11,10,6,4,0.17033075612219092,0.4,4
7324,110,11,10,6,4,0.17033075612219092,0.5,4
7325,110,11,10,6,8,0.9591874266052874,1.0,4
7326,111,11,0,5,2,0.022233383677374485,0.1,4
7327,111,11,0,5,2,0.022233383677374485,0.2,4
7328,111,11,0,5,4,0.17033075612219217,0.3,4
7329,111,11,0,5,4,0.17033075612219198,0.4,4
7330,111,11,0,5,4,0.24258497551536667,0.5,4
7331,111,11,0,5,7,0.9041211851596966,1.0,4
7332,111,11,1,5,2,0.053137855085022,0.1,4
7333,111,11,1,5,3,0.1060383978025833,0.2,4
7334,111,11,1,5,3,0.0807996684321684,0.3,4
7335,111,11,1,5,4,0.28055023010968283,0.4,4
7336,111,11,1,5,4,0.28055023010968283,0.5,4
7337,111,11,1,5,6,0.8490686609948654,1.0,4
7338,111,11,2,6,3,0.0333933375617537,0.1,4
7339,111,11,2,6,3,0.10603839780258308,0.2,4
7340,111,11,2,6,3,0.14666411036886184,0.3,4
7341,111,11,2,6,4,0.18413121666566468,0.4,4
7342,111,11,2,6,4,0.18413121666566468,0.5,4
7343,111,11,2,6,7,0.7338123311321942,1.0,4
7344,111,11,3,5,2,0.01520844399227761,0.1,4
7345,111,11,3,5,3,0.07918309047197507,0.2,4
7346,111,11,3,5,3,0.1564819706374871,0.3,4
7347,111,11,3,5,3,0.1564819706374869,0.4,4
7348,111,11,3,5,4,0.3144434953919932,0.5,4
7349,111,11,3,5,6,0.8429564748090542,1.0,4
7350,111,11,4,5,2,0.011922379891523782,0.1,4
7351,111,11,4,5,2,0.011922379891523782,0.2,4
7352,111,11,4,5,2,0.011922379891523782,0.3,4
7353,111,11,4,5,3,0.10307970014754614,0.4,4
7354,111,11,4,5,3,0.22490551185801558,0.5,4
7355,111,11,4,5,6,0.6924293825008326,1.0,4
7356,111,11,5,5,2,0.053137855085022,0.1,4
7357,111,11,5,5,3,0.10603839780258324,0.2,4
7358,111,11,5,5,3,0.0807996684321684,0.3,4
7359,111,11,5,5,4,0.18413121666566465,0.4,4
7360,111,11,5,5,4,0.18413121666566457,0.5,4
7361,111,11,5,5,6,0.8545324092211677,1.0,4
7362,111,11,6,5,2,0.01520844399227761,0.1,4
7363,111,11,6,5,3,0.07918309047197507,0.2,4
7364,111,11,6,5,3,0.07918309047197507,0.3,4
7365,111,11,6,5,4,0.18341552561779229,0.4,4
7366,111,11,6,5,4,0.18341552561779226,0.5,4
7367,111,11,6,5,6,0.7209051750305338,1.0,4
7368,111,11,7,5,2,0.10484712326062329,0.1,4
7369,111,11,7,5,3,0.10603839780258308,0.2,4
7370,111,11,7,5,3,0.14666411036886193,0.3,4
7371,111,11,7,5,4,0.18413121666566445,0.4,4
7372,111,11,7,5,4,0.18413121666566445,0.5,4
7373,111,11,7,5,6,0.6995304529557874,1.0,4
7374,111,11,8,6,2,0.022233383677374485,0.1,4
7375,111,11,8,6,3,0.07918309047197507,0.2,4
7376,111,11,8,6,3,0.1600247109643568,0.3,4
7377,111,11,8,6,4,0.1834155256177922,0.4,4
7378,111,11,8,6,4,0.24258497551536592,0.5,4
7379,111,11,8,6,7,0.9086579600687013,1.0,4
7380,111,11,9,6,2,0.053137855085022,0.1,4
7381,111,11,9,6,3,0.1060383978025832,0.2,4
7382,111,11,9,6,4,0.17033075612219223,0.3,4
7383,111,11,9,6,4,0.28055023010968255,0.4,4
7384,111,11,9,6,4,0.28055023010968283,0.5,4
7385,111,11,9,6,6,0.854532409221167,1.0,4
7386,111,11,10,6,2,0.01520844399227761,0.1,4
7387,111,11,10,6,2,0.01520844399227761,0.2,4
7388,111,11,10,6,4,0.1703307561221909,0.3,4
7389,111,11,10,6,4,0.1703307561221919,0.4,4
7390,111,11,10,6,4,0.17033075612219176,0.5,4
7391,111,11,10,6,7,0.8872275292241554,1.0,4
7392,112,11,0,5,2,0.027355120589785842,0.1,4
7393,112,11,0,5,2,0.027355120589785842,0.2,4
7394,112,11,0,5,4,0.17033075612219167,0.3,4
7395,112,11,0,5,4,0.1703307561221908,0.4,4
7396,112,11,0,5,4,0.24258497551536665,0.5,4
7397,112,11,0,5,8,0.9439760073685218,1.0,4
7398,112,11,1,5,2,0.10272635935218238,0.1,4
7399,112,11,1,5,3,0.08079966843216856,0.2,4
7400,112,11,1,5,3,0.15190174490380987,0.3,4
7401,112,11,1,5,4,0.28055023010968283,0.4,4
7402,112,11,1,5,4,0.28055023010968266,0.5,4
7403,112,11,1,5,6,0.6898378922317181,1.0,4
7404,112,11,2,6,3,0.03339333756175369,0.1,4
7405,112,11,2,6,3,0.10603839780258324,0.2,4
7406,112,11,2,6,4,0.18413121666566443,0.3,4
7407,112,11,2,6,4,0.1841312166656646,0.4,4
7408,112,11,2,6,4,0.1841312166656646,0.5,4
7409,112,11,2,6,7,0.849875260190808,1.0,4
7410,112,11,3,5,2,0.03438006027488272,0.1,4
7411,112,11,3,5,3,0.07918309047197516,0.2,4
7412,112,11,3,5,3,0.1564819706374869,0.3,4
7413,112,11,3,5,3,0.0841018926536917,0.4,4
7414,112,11,3,5,4,0.31444349539199284,0.5,4
7415,112,11,3,5,7,0.8150713649143811,1.0,4
7416,112,11,4,5,2,0.055019654589847145,0.1,4
7417,112,11,4,5,2,0.055019654589847145,0.2,4
7418,112,11,4,5,2,0.055019654589847145,0.3,4
7419,112,11,4,5,3,0.17174463384618924,0.4,4
7420,112,11,4,5,3,0.16310290712229875,0.5,4
7421,112,11,4,5,7,0.8849645428572496,1.0,4
7422,112,11,5,5,2,0.10272635935218238,0.1,4
7423,112,11,5,5,3,0.08079966843216856,0.2,4
7424,112,11,5,5,4,0.1841312166656646,0.3,4
7425,112,11,5,5,4,0.1841312166656646,0.4,4
7426,112,11,5,5,4,0.1841312166656646,0.5,4
7427,112,11,5,5,7,0.7865016667584793,1.0,4
7428,112,11,6,5,2,0.03438006027488272,0.1,4
7429,112,11,6,5,3,0.07918309047197539,0.2,4
7430,112,11,6,5,3,0.07918309047197516,0.3,4
7431,112,11,6,5,4,0.18341552561779248,0.4,4
7432,112,11,6,5,4,0.3072639625287206,0.5,4
7433,112,11,6,5,7,0.8789952512789012,1.0,4
7434,112,11,7,5,2,0.05525861899346296,0.1,4
7435,112,11,7,5,3,0.10603839780258324,0.2,4
7436,112,11,7,5,4,0.1841312166656646,0.3,4
7437,112,11,7,5,4,0.1841312166656646,0.4,4
7438,112,11,7,5,4,0.1841312166656646,0.5,4
7439,112,11,7,5,6,0.8005219261295188,1.0,4
7440,112,11,8,6,2,0.027355120589785842,0.1,4
7441,112,11,8,6,3,0.07918309047197539,0.2,4
7442,112,11,8,6,3,0.07918309047197516,0.3,4
7443,112,11,8,6,4,0.1834155256177923,0.4,4
7444,112,11,8,6,4,0.30726396252872074,0.5,4
7445,112,11,8,6,9,0.9712434187246501,1.0,4
7446,112,11,9,6,2,0.10272635935218238,0.1,4
7447,112,11,9,6,3,0.08079966843216856,0.2,4
7448,112,11,9,6,4,0.1841312166656646,0.3,4
7449,112,11,9,6,4,0.28055023010968266,0.4,4
7450,112,11,9,6,4,0.28055023010968266,0.5,4
7451,112,11,9,6,7,0.786501666758479,1.0,4
7452,112,11,10,6,2,0.03438006027488272,0.1,4
7453,112,11,10,6,2,0.03438006027488272,0.2,4
7454,112,11,10,6,4,0.17033075612219079,0.3,4
7455,112,11,10,6,4,0.17033075612219184,0.4,4
7456,112,11,10,6,4,0.17033075612219184,0.5,4
7457,112,11,10,6,8,0.9591874266052867,1.0,4
7458,113,12,0,5,2,0.06517233416225099,0.1,4
7459,113,12,0,5,3,0.09943914206060764,0.2,4
7460,113,12,0,5,3,0.09943914206060768,0.3,4
7461,113,12,0,5,3,0.09943914206060764,0.4,4
7462,113,12,0,5,4,0.20908707473270927,0.5,4
7463,113,12,0,5,6,0.656286043199195,1.0,4
7464,113,12,1,5,2,0.03439817405344736,0.1,4
7465,113,12,1,5,3,0.1060383978025832,0.2,4
7466,113,12,1,5,3,0.07290375711085256,0.3,4
7467,113,12,1,5,3,0.15190174490380992,0.4,4
7468,113,12,1,5,3,0.15190174490380992,0.5,4
7469,113,12,1,5,7,0.8336449222711041,1.0,4
7470,113,12,2,6,2,0.017441405420997813,0.1,4
7471,113,12,2,6,3,0.12559879038341468,0.2,4
7472,113,12,2,6,3,0.12559879038341468,0.3,4
7473,113,12,2,6,3,0.13042420559230827,0.4,4
7474,113,12,2,6,4,0.2526648953022493,0.5,4
7475,113,12,2,6,6,0.7817928779985437,1.0,4
7476,113,12,3,5,2,0.07219727384734786,0.1,4
7477,113,12,3,5,2,0.07219727384734786,0.2,4
7478,113,12,3,5,3,0.1740144104569424,0.3,4
7479,113,12,3,5,3,0.1740144104569424,0.4,4
7480,113,12,3,5,3,0.1740144104569424,0.5,4
7481,113,12,3,5,7,0.807285314228331,1.0,4
7482,113,12,4,5,2,0.13152927727675712,0.1,4
7483,113,12,4,5,3,0.12559879038341468,0.2,4
7484,113,12,4,5,3,0.1255987903834147,0.3,4
7485,113,12,4,5,3,0.12559879038341468,0.4,4
7486,113,12,4,5,3,0.1255987903834147,0.5,4
7487,113,12,4,5,7,0.8336449222711038,1.0,4
7488,113,12,5,5,2,0.03439817405344736,0.1,4
7489,113,12,5,5,3,0.12559879038341468,0.2,4
7490,113,12,5,5,3,0.07290375711085256,0.3,4
7491,113,12,5,5,3,0.07290375711085256,0.4,4
7492,113,12,5,5,4,0.2526648953022493,0.5,4
7493,113,12,5,5,6,0.6956110772082835,1.0,4
7494,113,12,6,5,2,0.07219727384734786,0.1,4
7495,113,12,6,5,2,0.07219727384734786,0.2,4
7496,113,12,6,5,3,0.1740144104569424,0.3,4
7497,113,12,6,5,4,0.18341552561779242,0.4,4
7498,113,12,6,5,4,0.1834155256177922,0.5,4
7499,113,12,6,5,7,0.809846441816882,1.0,4
7500,113,12,7,5,2,0.017441405420997813,0.1,4
7501,113,12,7,5,3,0.1060383978025832,0.2,4
7502,113,12,7,5,3,0.1060383978025832,0.3,4
7503,113,12,7,5,4,0.2075923990183342,0.4,4
7504,113,12,7,5,4,0.20759239901833404,0.5,4
7505,113,12,7,5,7,0.7627725655721456,1.0,4
7506,113,12,8,6,2,0.06517233416225099,0.1,4
7507,113,12,8,6,3,0.09943914206060767,0.2,4
7508,113,12,8,6,3,0.1600247109643568,0.3,4
7509,113,12,8,6,4,0.18341552561779229,0.4,4
7510,113,12,8,6,4,0.20908707473270907,0.5,4
7511,113,12,8,6,7,0.5784419127355184,1.0,4
7512,113,12,9,6,2,0.03439817405344736,0.1,4
7513,113,12,9,6,3,0.12559879038341468,0.2,4
7514,113,12,9,6,3,0.07290375711085256,0.3,4
7515,113,12,9,6,4,0.207592399018334,0.4,4
7516,113,12,9,6,4,0.2526648953022493,0.5,4
7517,113,12,9,6,7,0.6815856259082708,1.0,4
7518,113,12,10,6,2,0.07219727384734786,0.1,4
7519,113,12,10,6,3,0.0994391420606077,0.2,4
7520,113,12,10,6,3,0.1740144104569424,0.3,4
7521,113,12,10,6,4,0.20759239901833412,0.4,4
7522,113,12,10,6,4,0.20908707473270907,0.5,4
7523,113,12,10,6,7,0.6589147642584193,1.0,4
7524,114,12,0,5,2,0.12314616795856992,0.1,4
7525,114,12,0,5,2,0.12314616795856992,0.2,4
7526,114,12,0,5,3,0.0994391420606077,0.3,4
7527,114,12,0,5,3,0.0994391420606077,0.4,4
7528,114,12,0,5,3,0.0994391420606077,0.5,4
7529,114,12,0,5,7,0.7143984417433045,1.0,4
7530,114,12,1,5,2,0.04777492919617343,0.1,4
7531,114,12,1,5,2,0.04777492919617343,0.2,4
7532,114,12,1,5,3,0.07290375711085267,0.3,4
7533,114,12,1,5,3,0.07290375711085267,0.4,4
7534,114,12,1,5,3,0.12081147570849234,0.5,4
7535,114,12,1,5,7,0.8398640257098909,1.0,4
7536,114,12,2,6,2,0.017441405420997813,0.1,4
7537,114,12,2,6,2,0.14861920498520287,0.2,4
7538,114,12,2,6,3,0.07290375711085267,0.3,4
7539,114,12,2,6,3,0.13042420559230827,0.4,4
7540,114,12,2,6,4,0.2859549133710176,0.5,4
7541,114,12,2,6,9,0.8091947089452637,1.0,4
7542,114,12,3,5,2,0.11612122827347304,0.1,4
7543,114,12,3,5,2,0.11612122827347304,0.2,4
7544,114,12,3,5,3,0.13671456721644712,0.3,4
7545,114,12,3,5,3,0.25401741648205406,0.4,4
7546,114,12,3,5,3,0.1696357272944853,0.5,4
7547,114,12,3,5,7,0.6329830796482557,1.0,4
7548,114,12,4,5,2,0.017441405420997813,0.1,4
7549,114,12,4,5,2,0.14861920498520287,0.2,4
7550,114,12,4,5,2,0.14861920498520287,0.3,4
7551,114,12,4,5,2,0.14861920498520287,0.4,4
7552,114,12,4,5,2,0.14861920498520287,0.5,4
7553,114,12,4,5,7,0.7116910171749721,1.0,4
7554,114,12,5,5,2,0.04777492919617343,0.1,4
7555,114,12,5,5,2,0.04777492919617343,0.2,4
7556,114,12,5,5,3,0.07290375711085267,0.3,4
7557,114,12,5,5,3,0.07290375711085267,0.4,4
7558,114,12,5,5,3,0.07290375711085267,0.5,4
7559,114,12,5,5,8,0.7561896552517627,1.0,4
7560,114,12,6,5,2,0.11612122827347304,0.1,4
7561,114,12,6,5,2,0.11612122827347304,0.2,4
7562,114,12,6,5,3,0.1367145672164472,0.3,4
7563,114,12,6,5,3,0.22718059491084253,0.4,4
7564,114,12,6,5,3,0.22718059491084258,0.5,4
7565,114,12,6,5,7,0.6535135342546676,1.0,4
7566,114,12,7,5,2,0.017441405420997813,0.1,4
7567,114,12,7,5,2,0.14861920498520287,0.2,4
7568,114,12,7,5,3,0.07290375711085267,0.3,4
7569,114,12,7,5,3,0.13042420559230822,0.4,4
7570,114,12,7,5,4,0.31524124151965505,0.5,4
7571,114,12,7,5,8,0.6911053438205834,1.0,4
7572,114,12,8,6,2,0.12314616795856992,0.1,4
7573,114,12,8,6,2,0.12314616795856992,0.2,4
7574,114,12,8,6,3,0.13671456721644698,0.3,4
7575,114,12,8,6,3,0.1367145672164472,0.4,4
7576,114,12,8,6,4,0.25974293976149293,0.5,4
7577,114,12,8,6,9,0.8091947089452631,1.0,4
7578,114,12,9,6,2,0.04777492919617343,0.1,4
7579,114,12,9,6,2,0.04777492919617343,0.2,4
7580,114,12,9,6,3,0.07290375711085267,0.3,4
7581,114,12,9,6,3,0.1172352843326615,0.4,4
7582,114,12,9,6,4,0.31524124151965494,0.5,4
7583,114,12,9,6,8,0.7561896552517625,1.0,4
7584,114,12,10,6,2,0.11612122827347304,0.1,4
7585,114,12,10,6,2,0.11612122827347304,0.2,4
7586,114,12,10,6,3,0.0994391420606077,0.3,4
7587,114,12,10,6,3,0.25401741648205406,0.4,4
7588,114,12,10,6,4,0.3152412415196548,0.5,4
7589,114,12,10,6,9,0.8091947089452637,1.0,4
7590,115,12,0,5,2,0.05367153006679837,0.1,4
7591,115,12,0,5,2,0.05367153006679837,0.2,4
7592,115,12,0,5,4,0.17033075612219148,0.3,4
7593,115,12,0,5,4,0.17033075612219156,0.4,4
7594,115,12,0,5,4,0.24258497551536654,0.5,4
7595,115,12,0,5,7,0.7889494449976612,1.0,4
7596,115,12,1,5,2,0.1290427688291949,0.1,4
7597,115,12,1,5,3,0.10603839780258308,0.2,4
7598,115,12,1,5,3,0.08079966843216856,0.3,4
7599,115,12,1,5,4,0.28055023010968255,0.4,4
7600,115,12,1,5,4,0.28055023010968255,0.5,4
7601,115,12,1,5,6,0.6898378922317181,1.0,4
7602,115,12,2,6,3,0.033393337561753784,0.1,4
7603,115,12,2,6,3,0.10603839780258308,0.2,4
7604,115,12,2,6,3,0.1060383978025832,0.3,4
7605,115,12,2,6,4,0.18413121666566437,0.4,4
7606,115,12,2,6,4,0.18413121666566437,0.5,4
7607,115,12,2,6,7,0.8872275292241553,1.0,4
7608,115,12,3,5,2,0.06069646975189524,0.1,4
7609,115,12,3,5,3,0.07918309047197539,0.2,4
7610,115,12,3,5,3,0.17401441045694244,0.3,4
7611,115,12,3,5,3,0.08410189265369172,0.4,4
7612,115,12,3,5,4,0.3144434953919928,0.5,4
7613,115,12,3,5,6,0.842956474809054,1.0,4
7614,115,12,4,5,2,0.028942209516450434,0.1,4
7615,115,12,4,5,2,0.028942209516450434,0.2,4
7616,115,12,4,5,2,0.028942209516450434,0.3,4
7617,115,12,4,5,2,0.028942209516450434,0.4,4
7618,115,12,4,5,3,0.31877343118058565,0.5,4
7619,115,12,4,5,7,0.7468577407479111,1.0,4
7620,115,12,5,5,2,0.1290427688291949,0.1,4
7621,115,12,5,5,3,0.1060383978025832,0.2,4
7622,115,12,5,5,3,0.08079966843216856,0.3,4
7623,115,12,5,5,4,0.18413121666566437,0.4,4
7624,115,12,5,5,4,0.2526648953022493,0.5,4
7625,115,12,5,5,6,0.6529006045985938,1.0,4
7626,115,12,6,5,2,0.06069646975189524,0.1,4
7627,115,12,6,5,3,0.07918309047197539,0.2,4
7628,115,12,6,5,3,0.07918309047197539,0.3,4
7629,115,12,6,5,4,0.18341552561779217,0.4,4
7630,115,12,6,5,4,0.18341552561779229,0.5,4
7631,115,12,6,5,6,0.8292779346370686,1.0,4
7632,115,12,7,5,2,0.028942209516450434,0.1,4
7633,115,12,7,5,3,0.10603839780258308,0.2,4
7634,115,12,7,5,3,0.1060383978025832,0.3,4
7635,115,12,7,5,4,0.18413121666566437,0.4,4
7636,115,12,7,5,4,0.18413121666566437,0.5,4
7637,115,12,7,5,6,0.6995304529557878,1.0,4
7638,115,12,8,6,2,0.05367153006679837,0.1,4
7639,115,12,8,6,3,0.07918309047197539,0.2,4
7640,115,12,8,6,3,0.16002471096435752,0.3,4
7641,115,12,8,6,4,0.18341552561779237,0.4,4
7642,115,12,8,6,4,0.24258497551536648,0.5,4
7643,115,12,8,6,7,0.7150234430110994,1.0,4
7644,115,12,9,6,2,0.1290427688291949,0.1,4
7645,115,12,9,6,3,0.10603839780258308,0.2,4
7646,115,12,9,6,4,0.17033075612219198,0.3,4
7647,115,12,9,6,4,0.28055023010968266,0.4,4
7648,115,12,9,6,4,0.2526648953022493,0.5,4
7649,115,12,9,6,6,0.6529006045985938,1.0,4
7650,115,12,10,6,2,0.06069646975189524,0.1,4
7651,115,12,10,6,2,0.06069646975189524,0.2,4
7652,115,12,10,6,4,0.17033075612219192,0.3,4
7653,115,12,10,6,4,0.17033075612219273,0.4,4
7654,115,12,10,6,4,0.17033075612219145,0.5,4
7655,115,12,10,6,7,0.7468577407479112,1.0,4
7656,116,12,0,5,2,0.06600546540195407,0.1,4
7657,116,12,0,5,3,0.09943914206060764,0.2,4
7658,116,12,0,5,3,0.09943914206060767,0.3,4
7659,116,12,0,5,3,0.09943914206060767,0.4,4
7660,116,12,0,5,3,0.14829791346545906,0.5,4
7661,116,12,0,5,7,0.7149956031228656,1.0,4
7662,116,12,1,5,2,0.009365773360442475,0.1,4
7663,116,12,1,5,3,0.08079966843216897,0.2,4
7664,116,12,1,5,3,0.08079966843216879,0.3,4
7665,116,12,1,5,3,0.08079966843216879,0.4,4
7666,116,12,1,5,3,0.12081147570849217,0.5,4
7667,116,12,1,5,7,0.7311585704021402,1.0,4
7668,116,12,2,6,2,0.10484712326062329,0.1,4
7669,116,12,2,6,3,0.08079966843216897,0.2,4
7670,116,12,2,6,3,0.08079966843216897,0.3,4
7671,116,12,2,6,3,0.1304242055923083,0.4,4
7672,116,12,2,6,4,0.2859549133710178,0.5,4
7673,116,12,2,6,8,0.8057795980305335,1.0,4
7674,116,12,3,5,2,0.05898052571685719,0.1,4
7675,116,12,3,5,2,0.05898052571685719,0.2,4
7676,116,12,3,5,3,0.17401441045694244,0.3,4
7677,116,12,3,5,3,0.25401741648205406,0.4,4
7678,116,12,3,5,3,0.1696357272944852,0.5,4
7679,116,12,3,5,7,0.6329830796482558,1.0,4
7680,116,12,4,5,2,0.10484712326062329,0.1,4
7681,116,12,4,5,2,0.14861920498520287,0.2,4
7682,116,12,4,5,2,0.14861920498520287,0.3,4
7683,116,12,4,5,2,0.14861920498520287,0.4,4
7684,116,12,4,5,2,0.14861920498520287,0.5,4
7685,116,12,4,5,7,0.7116910171749727,1.0,4
7686,116,12,5,5,2,0.009365773360442475,0.1,4
7687,116,12,5,5,3,0.08079966843216897,0.2,4
7688,116,12,5,5,3,0.0729037571108527,0.3,4
7689,116,12,5,5,3,0.07290375711085267,0.4,4
7690,116,12,5,5,3,0.07290375711085269,0.5,4
7691,116,12,5,5,7,0.6882021028804706,1.0,4
7692,116,12,6,5,2,0.05898052571685719,0.1,4
7693,116,12,6,5,2,0.05898052571685719,0.2,4
7694,116,12,6,5,3,0.17401441045694258,0.3,4
7695,116,12,6,5,3,0.17401441045694235,0.4,4
7696,116,12,6,5,3,0.20757683465088722,0.5,4
7697,116,12,6,5,9,0.8514711990206317,1.0,4
7698,116,12,7,5,2,0.10484712326062329,0.1,4
7699,116,12,7,5,3,0.08079966843216897,0.2,4
7700,116,12,7,5,3,0.08079966843216897,0.3,4
7701,116,12,7,5,3,0.1304242055923083,0.4,4
7702,116,12,7,5,4,0.31524124151965544,0.5,4
7703,116,12,7,5,8,0.7616536868016339,1.0,4
7704,116,12,8,6,2,0.06600546540195407,0.1,4
7705,116,12,8,6,3,0.09943914206060767,0.2,4
7706,116,12,8,6,3,0.09943914206060768,0.3,4
7707,116,12,8,6,3,0.09943914206060764,0.4,4
7708,116,12,8,6,4,0.2597429397614928,0.5,4
7709,116,12,8,6,9,0.8514711990206305,1.0,4
7710,116,12,9,6,2,0.009365773360442475,0.1,4
7711,116,12,9,6,3,0.08079966843216897,0.2,4
7712,116,12,9,6,3,0.08079966843216879,0.3,4
7713,116,12,9,6,3,0.11723528433266166,0.4,4
7714,116,12,9,6,4,0.31524124151965544,0.5,4
7715,116,12,9,6,8,0.7616536868016341,1.0,4
7716,116,12,10,6,2,0.05898052571685719,0.1,4
7717,116,12,10,6,3,0.09943914206060767,0.2,4
7718,116,12,10,6,3,0.17401441045694244,0.3,4
7719,116,12,10,6,3,0.25401741648205406,0.4,4
7720,116,12,10,6,4,0.31524124151965516,0.5,4
7721,116,12,10,6,8,0.7308401155862501,1.0,4
7722,117,12,0,5,2,0.10976941281584396,0.1,4
7723,117,12,0,5,3,0.0994391420606077,0.2,4
7724,117,12,0,5,3,0.0994391420606077,0.3,4
7725,117,12,0,5,3,0.0994391420606077,0.4,4
7726,117,12,0,5,3,0.0994391420606077,0.5,4
7727,117,12,0,5,6,0.656286043199195,1.0,4
7728,117,12,1,5,2,0.03439817405344736,0.1,4
7729,117,12,1,5,2,0.03439817405344736,0.2,4
7730,117,12,1,5,3,0.07290375711085266,0.3,4
7731,117,12,1,5,3,0.07290375711085266,0.4,4
7732,117,12,1,5,3,0.12081147570849254,0.5,4
7733,117,12,1,5,7,0.7311585704021399,1.0,4
7734,117,12,2,6,2,0.017441405420997813,0.1,4
7735,117,12,2,6,3,0.0994391420606077,0.2,4
7736,117,12,2,6,3,0.1367145672164472,0.3,4
7737,117,12,2,6,3,0.13042420559230822,0.4,4
7738,117,12,2,6,4,0.2526648953022499,0.5,4
7739,117,12,2,6,7,0.7451262047016435,1.0,4
7740,117,12,3,5,2,0.10274447313074708,0.1,4
7741,117,12,3,5,3,0.07918309047197547,0.2,4
7742,117,12,3,5,3,0.17401441045694255,0.3,4
7743,117,12,3,5,3,0.17401441045694255,0.4,4
7744,117,12,3,5,3,0.1696357272944853,0.5,4
7745,117,12,3,5,8,0.8462719590911543,1.0,4
7746,117,12,4,5,2,0.017441405420997813,0.1,4
7747,117,12,4,5,2,0.14861920498520287,0.2,4
7748,117,12,4,5,2,0.14861920498520287,0.3,4
7749,117,12,4,5,2,0.14861920498520287,0.4,4
7750,117,12,4,5,3,0.2249055118580151,0.5,4
7751,117,12,4,5,6,0.7408800461201098,1.0,4
7752,117,12,5,5,2,0.03439817405344736,0.1,4
7753,117,12,5,5,2,0.03439817405344736,0.2,4
7754,117,12,5,5,3,0.07290375711085266,0.3,4
7755,117,12,5,5,3,0.07290375711085266,0.4,4
7756,117,12,5,5,4,0.2526648953022499,0.5,4
7757,117,12,5,5,7,0.7451262047016439,1.0,4
7758,117,12,6,5,2,0.10274447313074708,0.1,4
7759,117,12,6,5,3,0.07918309047197539,0.2,4
7760,117,12,6,5,3,0.07918309047197516,0.3,4
7761,117,12,6,5,3,0.07918309047197516,0.4,4
7762,117,12,6,5,3,0.07918309047197516,0.5,4
7763,117,12,6,5,7,0.809846441816882,1.0,4
7764,117,12,7,5,2,0.017441405420997813,0.1,4
7765,117,12,7,5,3,0.07918309047197516,0.2,4
7766,117,12,7,5,3,0.07918309047197516,0.3,4
7767,117,12,7,5,3,0.13042420559230822,0.4,4
7768,117,12,7,5,3,0.13042420559230822,0.5,4
7769,117,12,7,5,8,0.8559141808600937,1.0,4
7770,117,12,8,6,2,0.10976941281584396,0.1,4
7771,117,12,8,6,3,0.0994391420606077,0.2,4
7772,117,12,8,6,3,0.1600247109643574,0.3,4
7773,117,12,8,6,3,0.1600247109643574,0.4,4
7774,117,12,8,6,3,0.1600247109643574,0.5,4
7775,117,12,8,6,8,0.6261079914963079,1.0,4
7776,117,12,9,6,2,0.03439817405344736,0.1,4
7777,117,12,9,6,3,0.07918309047197547,0.2,4
7778,117,12,9,6,3,0.07290375711085266,0.3,4
7779,117,12,9,6,3,0.07290375711085266,0.4,4
7780,117,12,9,6,4,0.2526648953022499,0.5,4
7781,117,12,9,6,8,0.7157319887541767,1.0,4
7782,117,12,10,6,2,0.10274447313074708,0.1,4
7783,117,12,10,6,3,0.0994391420606077,0.2,4
7784,117,12,10,6,3,0.17401441045694255,0.3,4
7785,117,12,10,6,3,0.17401441045694255,0.4,4
7786,117,12,10,6,3,0.24194402326902387,0.5,4
7787,117,12,10,6,7,0.6589147642584189,1.0,4
7788,118,12,0,5,2,0.032449431670398265,0.1,4
7789,118,12,0,5,2,0.032449431670398265,0.2,4
7790,118,12,0,5,4,0.170330756122192,0.3,4
7791,118,12,0,5,4,0.170330756122192,0.4,4
7792,118,12,0,5,4,0.24258497551536645,0.5,4
7793,118,12,0,5,8,0.9439760073685223,1.0,4
7794,118,12,1,5,2,0.10782067043279486,0.1,4
7795,118,12,1,5,3,0.08079966843216856,0.2,4
7796,118,12,1,5,3,0.15190174490380992,0.3,4
7797,118,12,1,5,4,0.28055023010968255,0.4,4
7798,118,12,1,5,4,0.28055023010968255,0.5,4
7799,118,12,1,5,6,0.6898378922317182,1.0,4
7800,118,12,2,6,3,0.03339333756175383,0.1,4
7801,118,12,2,6,3,0.10603839780258324,0.2,4
7802,118,12,2,6,4,0.18413121666566437,0.3,4
7803,118,12,2,6,4,0.18413121666566437,0.4,4
7804,118,12,2,6,4,0.18413121666566437,0.5,4
7805,118,12,2,6,8,0.8576492035692963,1.0,4
7806,118,12,3,5,2,0.03947437135549514,0.1,4
7807,118,12,3,5,3,0.07918309047197519,0.2,4
7808,118,12,3,5,3,0.1564819706374869,0.3,4
7809,118,12,3,5,3,0.1564819706374869,0.4,4
7810,118,12,3,5,4,0.3144434953919932,0.5,4
7811,118,12,3,5,7,0.8150713649143799,1.0,4
7812,118,12,4,5,2,0.050164307912850536,0.1,4
7813,118,12,4,5,2,0.050164307912850536,0.2,4
7814,118,12,4,5,2,0.050164307912850536,0.3,4
7815,118,12,4,5,3,0.17174463384618952,0.4,4
7816,118,12,4,5,3,0.163102907122299,0.5,4
7817,118,12,4,5,7,0.8849645428572496,1.0,4
7818,118,12,5,5,2,0.10782067043279486,0.1,4
7819,118,12,5,5,3,0.08079966843216856,0.2,4
7820,118,12,5,5,4,0.18413121666566437,0.3,4
7821,118,12,5,5,4,0.18413121666566454,0.4,4
7822,118,12,5,5,4,0.18413121666566437,0.5,4
7823,118,12,5,5,8,0.8576492035692971,1.0,4
7824,118,12,6,5,2,0.03947437135549514,0.1,4
7825,118,12,6,5,3,0.07918309047197537,0.2,4
7826,118,12,6,5,3,0.07918309047197516,0.3,4
7827,118,12,6,5,4,0.18341552561779248,0.4,4
7828,118,12,6,5,4,0.3072639625287203,0.5,4
7829,118,12,6,5,6,0.7209051750305335,1.0,4
7830,118,12,7,5,2,0.050164307912850536,0.1,4
7831,118,12,7,5,3,0.10603839780258324,0.2,4
7832,118,12,7,5,4,0.18413121666566437,0.3,4
7833,118,12,7,5,4,0.18413121666566437,0.4,4
7834,118,12,7,5,4,0.18413121666566443,0.5,4
7835,118,12,7,5,6,0.8005219261295194,1.0,4
7836,118,12,8,6,2,0.032449431670398265,0.1,4
7837,118,12,8,6,3,0.07918309047197507,0.2,4
7838,118,12,8,6,3,0.14161781832326242,0.3,4
7839,118,12,8,6,4,0.1834155256177925,0.4,4
7840,118,12,8,6,4,0.24258497551536645,0.5,4
7841,118,12,8,6,7,0.7150234430110997,1.0,4
7842,118,12,9,6,2,0.10782067043279486,0.1,4
7843,118,12,9,6,3,0.08079966843216856,0.2,4
7844,118,12,9,6,4,0.1841312166656645,0.3,4
7845,118,12,9,6,4,0.2805502301096826,0.4,4
7846,118,12,9,6,4,0.2805502301096826,0.5,4
7847,118,12,9,6,8,0.8576492035692963,1.0,4
7848,118,12,10,6,2,0.03947437135549514,0.1,4
7849,118,12,10,6,2,0.03947437135549514,0.2,4
7850,118,12,10,6,4,0.17033075612219092,0.3,4
7851,118,12,10,6,4,0.17033075612219092,0.4,4
7852,118,12,10,6,4,0.17033075612219092,0.5,4
7853,118,12,10,6,8,0.9591874266052874,1.0,4
7854,119,5,0,5,2,0.08223248513221626,0.1,4
7855,119,5,0,5,2,0.08223248513221626,0.2,4
7856,119,5,0,5,3,0.08410189265369172,0.3,4
7857,119,5,0,5,3,0.17003022888000127,0.4,4
7858,119,5,0,5,4,0.3335200438913079,0.5,4
7859,119,5,0,5,5,0.5700277976151501,1.0,4
7860,119,5,1,5,2,0.10272635935218238,0.1,4
7861,119,5,1,5,3,0.1060383978025832,0.2,4
7862,119,5,1,5,3,0.15190174490380992,0.3,4
7863,119,5,1,5,3,0.15190174490380992,0.4,4
7864,119,5,1,5,3,0.15190174490380992,0.5,4
7865,119,5,1,5,5,0.9402195821198807,1.0,4
7866,119,5,2,6,2,0.0003812544510325422,0.1,4
7867,119,5,2,6,3,0.1060383978025832,0.2,4
7868,119,5,2,6,3,0.11114446429740966,0.3,4
7869,119,5,2,6,3,0.15190174490380984,0.4,4
7870,119,5,2,6,3,0.15190174490380984,0.5,4
7871,119,5,2,6,5,0.7103101980942232,1.0,4
7872,119,5,3,5,2,0.08925742481731314,0.1,4
7873,119,5,3,5,2,0.08925742481731314,0.2,4
7874,119,5,3,5,3,0.08410189265369172,0.3,4
7875,119,5,3,5,3,0.0841018926536917,0.4,4
7876,119,5,3,5,4,0.3335200438913081,0.5,4
7877,119,5,3,5,5,0.7018512245176768,1.0,4
7878,119,5,4,5,2,0.055019654589847145,0.1,4
7879,119,5,4,5,2,0.055019654589847145,0.2,4
7880,119,5,4,5,2,0.055019654589847145,0.3,4
7881,119,5,4,5,3,0.2186668787260515,0.4,4
7882,119,5,4,5,3,0.21866687872605156,0.5,4
7883,119,5,4,5,5,0.844843461030883,1.0,4
7884,119,5,5,5,2,0.10272635935218238,0.1,4
7885,119,5,5,5,3,0.1060383978025832,0.2,4
7886,119,5,5,5,3,0.15190174490380995,0.3,4
7887,119,5,5,5,3,0.15190174490380995,0.4,4
7888,119,5,5,5,3,0.15190174490380992,0.5,4
7889,119,5,5,5,5,0.940219582119881,1.0,4
7890,119,5,6,5,2,0.08925742481731314,0.1,4
7891,119,5,6,5,2,0.08925742481731314,0.2,4
7892,119,5,6,5,3,0.17724300339680926,0.3,4
7893,119,5,6,5,3,0.17352182366091443,0.4,4
7894,119,5,6,5,3,0.24552917332996044,0.5,4
7895,119,5,6,5,5,0.8840426414172476,1.0,4
7896,119,5,7,5,2,0.0003812544510325422,0.1,4
7897,119,5,7,5,3,0.1060383978025833,0.2,4
7898,119,5,7,5,3,0.11114446429740961,0.3,4
7899,119,5,7,5,3,0.15190174490380984,0.4,4
7900,119,5,7,5,3,0.1519017449038098,0.5,4
7901,119,5,7,5,5,0.6787454336689362,1.0,4
7902,119,5,8,6,2,0.08223248513221626,0.1,4
7903,119,5,8,6,2,0.08223248513221626,0.2,4
7904,119,5,8,6,3,0.17724300339680918,0.3,4
7905,119,5,8,6,3,0.17352182366091443,0.4,4
7906,119,5,8,6,3,0.2455291733299607,0.5,4
7907,119,5,8,6,5,0.7423997180397995,1.0,4
7908,119,5,9,6,2,0.10272635935218238,0.1,4
7909,119,5,9,6,3,0.10603839780258308,0.2,4
7910,119,5,9,6,3,0.1519017449038099,0.3,4
7911,119,5,9,6,3,0.15190174490380992,0.4,4
7912,119,5,9,6,3,0.15190174490380992,0.5,4
7913,119,5,9,6,5,0.9402195821198807,1.0,4
7914,119,5,10,6,2,0.08925742481731314,0.1,4
7915,119,5,10,6,2,0.08925742481731314,0.2,4
7916,119,5,10,6,3,0.0841018926536917,0.3,4
7917,119,5,10,6,3,0.08410189265369172,0.4,4
7918,119,5,10,6,4,0.3335200438913079,0.5,4
7919,119,5,10,6,5,0.6383079499297413,1.0,4
7920,120,12,0,5,2,0.06228327668805833,0.1,4
7921,120,12,0,5,2,0.06228327668805833,0.2,4
7922,120,12,0,5,4,0.1703307561221918,0.3,4
7923,120,12,0,5,4,0.170330756122192,0.4,4
7924,120,12,0,5,4,0.2425849755153673,0.5,4
7925,120,12,0,5,7,0.7889494449976602,1.0,4
7926,120,12,1,5,2,0.013087962074338155,0.1,4
7927,120,12,1,5,3,0.1060383978025833,0.2,4
7928,120,12,1,5,3,0.0807996684321684,0.3,4
7929,120,12,1,5,4,0.28055023010968266,0.4,4
7930,120,12,1,5,4,0.28055023010968244,0.5,4
7931,120,12,1,5,5,0.6440957455320413,1.0,4
7932,120,12,2,6,3,0.03339333756175375,0.1,4
7933,120,12,2,6,3,0.1060383978025832,0.2,4
7934,120,12,2,6,3,0.14666411036886162,0.3,4
7935,120,12,2,6,4,0.1841312166656645,0.4,4
7936,120,12,2,6,4,0.18413121666566445,0.5,4
7937,120,12,2,6,7,0.7338123311321944,1.0,4
7938,120,12,3,5,2,0.055258337002961455,0.1,4
7939,120,12,3,5,3,0.07918309047197507,0.2,4
7940,120,12,3,5,3,0.1564819706374871,0.3,4
7941,120,12,3,5,3,0.1564819706374871,0.4,4
7942,120,12,3,5,3,0.1564819706374871,0.5,4
7943,120,12,3,5,5,0.658708573485153,1.0,4
7944,120,12,4,5,2,0.10484712326062329,0.1,4
7945,120,12,4,5,2,0.14489701627130713,0.2,4
7946,120,12,4,5,2,0.14489701627130713,0.3,4
7947,120,12,4,5,2,0.14489701627130713,0.4,4
7948,120,12,4,5,3,0.31877343118058515,0.5,4
7949,120,12,4,5,7,0.7468577407479111,1.0,4
7950,120,12,5,5,2,0.013087962074338155,0.1,4
7951,120,12,5,5,3,0.1060383978025832,0.2,4
7952,120,12,5,5,3,0.0807996684321684,0.3,4
7953,120,12,5,5,4,0.18413121666566437,0.4,4
7954,120,12,5,5,4,0.18413121666566412,0.5,4
7955,120,12,5,5,5,0.49751831940677493,1.0,4
7956,120,12,6,5,2,0.055258337002961455,0.1,4
7957,120,12,6,5,3,0.07918309047197507,0.2,4
7958,120,12,6,5,3,0.07918309047197507,0.3,4
7959,120,12,6,5,4,0.1834155256177924,0.4,4
7960,120,12,6,5,4,0.18341552561779226,0.5,4
7961,120,12,6,5,6,0.7209051750305342,1.0,4
7962,120,12,7,5,2,0.10484712326062329,0.1,4
7963,120,12,7,5,3,0.10603839780258308,0.2,4
7964,120,12,7,5,3,0.14666411036886162,0.3,4
7965,120,12,7,5,4,0.1841312166656645,0.4,4
7966,120,12,7,5,4,0.18413121666566457,0.5,4
7967,120,12,7,5,6,0.6995304529557869,1.0,4
7968,120,12,8,6,2,0.06228327668805833,0.1,4
7969,120,12,8,6,3,0.07918309047197507,0.2,4
7970,120,12,8,6,3,0.1367145672164469,0.3,4
7971,120,12,8,6,4,0.1834155256177924,0.4,4
7972,120,12,8,6,4,0.24258497551536673,0.5,4
7973,120,12,8,6,6,0.643248052476515,1.0,4
7974,120,12,9,6,2,0.013087962074338155,0.1,4
7975,120,12,9,6,3,0.1060383978025833,0.2,4
7976,120,12,9,6,4,0.17033075612219153,0.3,4
7977,120,12,9,6,4,0.28055023010968294,0.4,4
7978,120,12,9,6,4,0.28055023010968294,0.5,4
7979,120,12,9,6,6,0.6995304529557879,1.0,4
7980,120,12,10,6,2,0.055258337002961455,0.1,4
7981,120,12,10,6,2,0.055258337002961455,0.2,4
7982,120,12,10,6,4,0.17033075612219117,0.3,4
7983,120,12,10,6,4,0.17033075612219117,0.4,4
7984,120,12,10,6,4,0.17033075612219153,0.5,4
7985,120,12,10,6,7,0.7468577407479112,1.0,4
7986,121,13,0,5,2,0.06517233416225099,0.1,4
7987,121,13,0,5,3,0.09943914206060761,0.2,4
7988,121,13,0,5,3,0.09943914206060762,0.3,4
7989,121,13,0,5,3,0.09943914206060762,0.4,4
7990,121,13,0,5,4,0.20908707473270918,0.5,4
7991,121,13,0,5,6,0.656286043199195,1.0,4
7992,121,13,1,5,2,0.03439817405344736,0.1,4
7993,121,13,1,5,2,0.14054357292464753,0.2,4
7994,121,13,1,5,3,0.07290375711085256,0.3,4
7995,121,13,1,5,3,0.15190174490380992,0.4,4
7996,121,13,1,5,3,0.15190174490380992,0.5,4
7997,121,13,1,5,7,0.8336449222711038,1.0,4
7998,121,13,2,6,2,0.017441405420997813,0.1,4
7999,121,13,2,6,3,0.1255987903834147,0.2,4
8000,121,13,2,6,3,0.12559879038341465,0.3,4
8001,121,13,2,6,3,0.1304242055923083,0.4,4
8002,121,13,2,6,4,0.25266489530224967,0.5,4
8003,121,13,2,6,7,0.8309124168320888,1.0,4
8004,121,13,3,5,2,0.07219727384734786,0.1,4
8005,121,13,3,5,3,0.07918309047197547,0.2,4
8006,121,13,3,5,3,0.1740144104569424,0.3,4
8007,121,13,3,5,3,0.1740144104569424,0.4,4
8008,121,13,3,5,3,0.1740144104569424,0.5,4
8009,121,13,3,5,7,0.8072853142283299,1.0,4
8010,121,13,4,5,2,0.055019654589847145,0.1,4
8011,121,13,4,5,3,0.12559879038341468,0.2,4
8012,121,13,4,5,3,0.12559879038341468,0.3,4
8013,121,13,4,5,3,0.1255987903834147,0.4,4
8014,121,13,4,5,3,0.22490551185801508,0.5,4
8015,121,13,4,5,7,0.8336449222711041,1.0,4
8016,121,13,5,5,2,0.03439817405344736,0.1,4
8017,121,13,5,5,3,0.12559879038341465,0.2,4
8018,121,13,5,5,3,0.07290375711085256,0.3,4
8019,121,13,5,5,3,0.07290375711085256,0.4,4
8020,121,13,5,5,4,0.25266489530224967,0.5,4
8021,121,13,5,5,6,0.8114783294411345,1.0,4
8022,121,13,6,5,2,0.07219727384734786,0.1,4
8023,121,13,6,5,3,0.07918309047197539,0.2,4
8024,121,13,6,5,3,0.07918309047197539,0.3,4
8025,121,13,6,5,3,0.07918309047197539,0.4,4
8026,121,13,6,5,3,0.2726173018085443,0.5,4
8027,121,13,6,5,7,0.8098464418168824,1.0,4
8028,121,13,7,5,2,0.017441405420997813,0.1,4
8029,121,13,7,5,3,0.07918309047197519,0.2,4
8030,121,13,7,5,3,0.07918309047197539,0.3,4
8031,121,13,7,5,4,0.20759239901833396,0.4,4
8032,121,13,7,5,4,0.20759239901833432,0.5,4
8033,121,13,7,5,7,0.7627725655721456,1.0,4
8034,121,13,8,6,2,0.06517233416225099,0.1,4
8035,121,13,8,6,3,0.09943914206060761,0.2,4
8036,121,13,8,6,3,0.1600247109643568,0.3,4
8037,121,13,8,6,3,0.16002471096435752,0.4,4
8038,121,13,8,6,4,0.20908707473270907,0.5,4
8039,121,13,8,6,7,0.5784419127355181,1.0,4
8040,121,13,9,6,2,0.03439817405344736,0.1,4
8041,121,13,9,6,3,0.12559879038341465,0.2,4
8042,121,13,9,6,3,0.07290375711085256,0.3,4
8043,121,13,9,6,4,0.2075923990183337,0.4,4
8044,121,13,9,6,4,0.2526648953022493,0.5,4
8045,121,13,9,6,7,0.6815856259082705,1.0,4
8046,121,13,10,6,2,0.07219727384734786,0.1,4
8047,121,13,10,6,3,0.09943914206060764,0.2,4
8048,121,13,10,6,3,0.1740144104569424,0.3,4
8049,121,13,10,6,4,0.207592399018334,0.4,4
8050,121,13,10,6,4,0.20908707473270927,0.5,4
8051,121,13,10,6,7,0.6589147642584189,1.0,4
8052,122,13,0,5,2,0.12314616795856992,0.1,4
8053,122,13,0,5,2,0.12314616795856992,0.2,4
8054,122,13,0,5,3,0.09943914206060764,0.3,4
8055,122,13,0,5,3,0.0994391420606077,0.4,4
8056,122,13,0,5,3,0.0994391420606077,0.5,4
8057,122,13,0,5,7,0.7143984417433046,1.0,4
8058,122,13,1,5,2,0.04777492919617343,0.1,4
8059,122,13,1,5,2,0.04777492919617343,0.2,4
8060,122,13,1,5,3,0.07290375711085263,0.3,4
8061,122,13,1,5,3,0.07290375711085267,0.4,4
8062,122,13,1,5,3,0.12081147570849234,0.5,4
8063,122,13,1,5,7,0.8398640257098909,1.0,4
8064,122,13,2,6,2,0.017441405420997813,0.1,4
8065,122,13,2,6,2,0.14861920498520287,0.2,4
8066,122,13,2,6,3,0.07290375711085266,0.3,4
8067,122,13,2,6,3,0.1304242055923083,0.4,4
8068,122,13,2,6,4,0.25266489530224934,0.5,4
8069,122,13,2,6,9,0.8091947089452635,1.0,4
8070,122,13,3,5,2,0.11612122827347304,0.1,4
8071,122,13,3,5,2,0.11612122827347304,0.2,4
8072,122,13,3,5,3,0.1367145672164472,0.3,4
8073,122,13,3,5,3,0.25401741648205406,0.4,4
8074,122,13,3,5,3,0.16963572729448537,0.5,4
8075,122,13,3,5,7,0.6329830796482557,1.0,4
8076,122,13,4,5,2,0.017441405420997813,0.1,4
8077,122,13,4,5,2,0.13152927727675712,0.2,4
8078,122,13,4,5,2,0.13152927727675712,0.3,4
8079,122,13,4,5,2,0.13152927727675712,0.4,4
8080,122,13,4,5,2,0.13152927727675712,0.5,4
8081,122,13,4,5,7,0.7116910171749732,1.0,4
8082,122,13,5,5,2,0.04777492919617343,0.1,4
8083,122,13,5,5,2,0.04777492919617343,0.2,4
8084,122,13,5,5,3,0.07290375711085267,0.3,4
8085,122,13,5,5,3,0.07290375711085266,0.4,4
8086,122,13,5,5,4,0.2526648953022495,0.5,4
8087,122,13,5,5,8,0.7561896552517626,1.0,4
8088,122,13,6,5,2,0.11612122827347304,0.1,4
8089,122,13,6,5,2,0.11612122827347304,0.2,4
8090,122,13,6,5,3,0.1367145672164472,0.3,4
8091,122,13,6,5,3,0.22718059491084258,0.4,4
8092,122,13,6,5,3,0.22718059491084258,0.5,4
8093,122,13,6,5,7,0.6535135342546672,1.0,4
8094,122,13,7,5,2,0.017441405420997813,0.1,4
8095,122,13,7,5,2,0.14861920498520287,0.2,4
8096,122,13,7,5,3,0.07290375711085266,0.3,4
8097,122,13,7,5,3,0.13042420559230827,0.4,4
8098,122,13,7,5,4,0.31524124151965505,0.5,4
8099,122,13,7,5,8,0.6911053438205836,1.0,4
8100,122,13,8,6,2,0.12314616795856992,0.1,4
8101,122,13,8,6,2,0.12314616795856992,0.2,4
8102,122,13,8,6,3,0.13671456721644698,0.3,4
8103,122,13,8,6,3,0.1367145672164472,0.4,4
8104,122,13,8,6,4,0.25974293976149293,0.5,4
8105,122,13,8,6,9,0.8091947089452637,1.0,4
8106,122,13,9,6,2,0.04777492919617343,0.1,4
8107,122,13,9,6,2,0.04777492919617343,0.2,4
8108,122,13,9,6,3,0.07290375711085267,0.3,4
8109,122,13,9,6,3,0.11723528433266195,0.4,4
8110,122,13,9,6,4,0.25266489530224945,0.5,4
8111,122,13,9,6,8,0.7561896552517628,1.0,4
8112,122,13,10,6,2,0.11612122827347304,0.1,4
8113,122,13,10,6,2,0.11612122827347304,0.2,4
8114,122,13,10,6,3,0.09943914206060767,0.3,4
8115,122,13,10,6,3,0.25401741648205406,0.4,4
8116,122,13,10,6,4,0.3152412415196547,0.5,4
8117,122,13,10,6,9,0.8091947089452631,1.0,4
8118,123,13,0,5,2,0.11784070001932567,0.1,4
8119,123,13,0,5,2,0.160167535422712,0.2,4
8120,123,13,0,5,3,0.09943914206060767,0.3,4
8121,123,13,0,5,3,0.09943914206060762,0.4,4
8122,123,13,0,5,3,0.14829791346545906,0.5,4
8123,123,13,0,5,7,0.714398441743304,1.0,4
8124,123,13,1,5,2,0.08479629666031546,0.1,4
8125,123,13,1,5,3,0.08079966843216897,0.2,4
8126,123,13,1,5,3,0.08079966843216879,0.3,4
8127,123,13,1,5,3,0.08079966843216879,0.4,4
8128,123,13,1,5,3,0.11506469698992457,0.5,4
8129,123,13,1,5,7,0.7112300712071938,1.0,4
8130,123,13,2,6,2,0.10484712326062329,0.1,4
8131,123,13,2,6,3,0.08079966843216883,0.2,4
8132,123,13,2,6,3,0.08079966843216897,0.3,4
8133,123,13,2,6,3,0.1304242055923083,0.4,4
8134,123,13,2,6,4,0.2859549133710182,0.5,4
8135,123,13,2,6,9,0.809194708945264,1.0,4
8136,123,13,3,5,2,0.1108157603342288,0.1,4
8137,123,13,3,5,2,0.15314259573761513,0.2,4
8138,123,13,3,5,3,0.13671456721644698,0.3,4
8139,123,13,3,5,3,0.25401741648205406,0.4,4
8140,123,13,3,5,3,0.25401741648205406,0.5,4
8141,123,13,3,5,7,0.6329830796482557,1.0,4
8142,123,13,4,5,2,0.10484712326062329,0.1,4
8143,123,13,4,5,2,0.14861920498520287,0.2,4
8144,123,13,4,5,2,0.14861920498520287,0.3,4
8145,123,13,4,5,2,0.14861920498520287,0.4,4
8146,123,13,4,5,2,0.14861920498520287,0.5,4
8147,123,13,4,5,7,0.7116910171749727,1.0,4
8148,123,13,5,5,2,0.08479629666031546,0.1,4
8149,123,13,5,5,3,0.08079966843216897,0.2,4
8150,123,13,5,5,3,0.07290375711085256,0.3,4
8151,123,13,5,5,3,0.11723528433266237,0.4,4
8152,123,13,5,5,3,0.11723528433266237,0.5,4
8153,123,13,5,5,8,0.7561896552517624,1.0,4
8154,123,13,6,5,2,0.1108157603342288,0.1,4
8155,123,13,6,5,2,0.15314259573761513,0.2,4
8156,123,13,6,5,3,0.1367145672164469,0.3,4
8157,123,13,6,5,3,0.22718059491084253,0.4,4
8158,123,13,6,5,3,0.1699174270662935,0.5,4
8159,123,13,6,5,7,0.6535135342546672,1.0,4
8160,123,13,7,5,2,0.10484712326062329,0.1,4
8161,123,13,7,5,3,0.08079966843216897,0.2,4
8162,123,13,7,5,3,0.08079966843216883,0.3,4
8163,123,13,7,5,3,0.1304242055923083,0.4,4
8164,123,13,7,5,4,0.31524124151965494,0.5,4
8165,123,13,7,5,8,0.691105343820584,1.0,4
8166,123,13,8,6,2,0.11784070001932567,0.1,4
8167,123,13,8,6,2,0.160167535422712,0.2,4
8168,123,13,8,6,3,0.13671456721644704,0.3,4
8169,123,13,8,6,3,0.13671456721644698,0.4,4
8170,123,13,8,6,4,0.25974293976149426,0.5,4
8171,123,13,8,6,9,0.8091947089452639,1.0,4
8172,123,13,9,6,2,0.08479629666031546,0.1,4
8173,123,13,9,6,3,0.08079966843216883,0.2,4
8174,123,13,9,6,3,0.08079966843216879,0.3,4
8175,123,13,9,6,3,0.11723528433266212,0.4,4
8176,123,13,9,6,4,0.3152412415196549,0.5,4
8177,123,13,9,6,8,0.6911053438205839,1.0,4
8178,123,13,10,6,2,0.1108157603342288,0.1,4
8179,123,13,10,6,2,0.15314259573761513,0.2,4
8180,123,13,10,6,3,0.09943914206060764,0.3,4
8181,123,13,10,6,3,0.25401741648205406,0.4,4
8182,123,13,10,6,4,0.3152412415196549,0.5,4
8183,123,13,10,6,9,0.8091947089452637,1.0,4
8184,124,13,0,5,2,0.11784070001932567,0.1,4
8185,124,13,0,5,2,0.160167535422712,0.2,4
8186,124,13,0,5,3,0.09943914206060764,0.3,4
8187,124,13,0,5,3,0.09943914206060767,0.4,4
8188,124,13,0,5,3,0.09943914206060767,0.5,4
8189,124,13,0,5,7,0.7143984417433038,1.0,4
8190,124,13,1,5,2,0.09202091474487883,0.1,4
8191,124,13,1,5,2,0.09202091474487883,0.2,4
8192,124,13,1,5,3,0.07290375711085256,0.3,4
8193,124,13,1,5,3,0.07290375711085267,0.4,4
8194,124,13,1,5,3,0.11506469698992493,0.5,4
8195,124,13,1,5,7,0.6964144040258679,1.0,4
8196,124,13,2,6,2,0.10484712326062329,0.1,4
8197,124,13,2,6,2,0.14861920498520287,0.2,4
8198,124,13,2,6,3,0.07290375711085269,0.3,4
8199,124,13,2,6,3,0.13042420559230827,0.4,4
8200,124,13,2,6,4,0.25266489530224967,0.5,4
8201,124,13,2,6,9,0.809194708945263,1.0,4
8202,124,13,3,5,2,0.1108157603342288,0.1,4
8203,124,13,3,5,3,0.07918309047197547,0.2,4
8204,124,13,3,5,3,0.07918309047197547,0.3,4
8205,124,13,3,5,3,0.25401741648205406,0.4,4
8206,124,13,3,5,3,0.25401741648205406,0.5,4
8207,124,13,3,5,7,0.632983079648256,1.0,4
8208,124,13,4,5,2,0.1166399242839935,0.1,4
8209,124,13,4,5,2,0.1166399242839935,0.2,4
8210,124,13,4,5,2,0.1166399242839935,0.3,4
8211,124,13,4,5,2,0.1166399242839935,0.4,4
8212,124,13,4,5,3,0.2249055118580151,0.5,4
8213,124,13,4,5,7,0.7116910171749731,1.0,4
8214,124,13,5,5,2,0.09202091474487883,0.1,4
8215,124,13,5,5,2,0.09202091474487883,0.2,4
8216,124,13,5,5,3,0.07290375711085269,0.3,4
8217,124,13,5,5,3,0.11723528433266237,0.4,4
8218,124,13,5,5,4,0.25266489530224967,0.5,4
8219,124,13,5,5,8,0.7561896552517628,1.0,4
8220,124,13,6,5,2,0.1108157603342288,0.1,4
8221,124,13,6,5,3,0.07918309047197516,0.2,4
8222,124,13,6,5,3,0.07918309047197516,0.3,4
8223,124,13,6,5,3,0.22718059491084275,0.4,4
8224,124,13,6,5,3,0.1699174270662935,0.5,4
8225,124,13,6,5,7,0.6535135342546666,1.0,4
8226,124,13,7,5,2,0.10484712326062329,0.1,4
8227,124,13,7,5,3,0.07918309047197516,0.2,4
8228,124,13,7,5,3,0.07918309047197539,0.3,4
8229,124,13,7,5,3,0.1304242055923083,0.4,4
8230,124,13,7,5,4,0.3152412415196549,0.5,4
8231,124,13,7,5,8,0.6911053438205832,1.0,4
8232,124,13,8,6,2,0.11784070001932567,0.1,4
8233,124,13,8,6,3,0.07918309047197516,0.2,4
8234,124,13,8,6,3,0.13671456721644698,0.3,4
8235,124,13,8,6,3,0.13671456721644704,0.4,4
8236,124,13,8,6,4,0.25974293976149426,0.5,4
8237,124,13,8,6,9,0.8091947089452637,1.0,4
8238,124,13,9,6,2,0.09202091474487883,0.1,4
8239,124,13,9,6,3,0.07918309047197547,0.2,4
8240,124,13,9,6,3,0.07290375711085267,0.3,4
8241,124,13,9,6,3,0.1172352843326615,0.4,4
8242,124,13,9,6,4,0.25266489530224945,0.5,4
8243,124,13,9,6,8,0.6911053438205842,1.0,4
8244,124,13,10,6,2,0.1108157603342288,0.1,4
8245,124,13,10,6,2,0.15314259573761513,0.2,4
8246,124,13,10,6,3,0.09943914206060764,0.3,4
8247,124,13,10,6,3,0.25401741648205406,0.4,4
8248,124,13,10,6,4,0.31524124151965544,0.5,4
8249,124,13,10,6,9,0.8091947089452638,1.0,4
8250,125,13,0,5,2,0.05367153006679837,0.1,4
8251,125,13,0,5,2,0.05367153006679837,0.2,4
8252,125,13,0,5,4,0.17033075612219148,0.3,4
8253,125,13,0,5,4,0.17033075612219248,0.4,4
8254,125,13,0,5,4,0.24258497551536645,0.5,4
8255,125,13,0,5,8,0.943976007368522,1.0,4
8256,125,13,1,5,2,0.1290427688291949,0.1,4
8257,125,13,1,5,3,0.08079966843216874,0.2,4
8258,125,13,1,5,3,0.13050223578749798,0.3,4
8259,125,13,1,5,4,0.28055023010968266,0.4,4
8260,125,13,1,5,4,0.28055023010968255,0.5,4
8261,125,13,1,5,6,0.7803806526978554,1.0,4
8262,125,13,2,6,3,0.033393337561753784,0.1,4
8263,125,13,2,6,3,0.1060383978025832,0.2,4
8264,125,13,2,6,4,0.18413121666566454,0.3,4
8265,125,13,2,6,4,0.18413121666566437,0.4,4
8266,125,13,2,6,4,0.18413121666566437,0.5,4
8267,125,13,2,6,8,0.8576492035692957,1.0,4
8268,125,13,3,5,2,0.06069646975189524,0.1,4
8269,125,13,3,5,3,0.07918309047197539,0.2,4
8270,125,13,3,5,3,0.15648197063748714,0.3,4
8271,125,13,3,5,3,0.08410189265369172,0.4,4
8272,125,13,3,5,4,0.31444349539199296,0.5,4
8273,125,13,3,5,7,0.8150713649143806,1.0,4
8274,125,13,4,5,2,0.011922379891523782,0.1,4
8275,125,13,4,5,2,0.011922379891523782,0.2,4
8276,125,13,4,5,2,0.011922379891523782,0.3,4
8277,125,13,4,5,3,0.1717446338461894,0.4,4
8278,125,13,4,5,3,0.16310290712229925,0.5,4
8279,125,13,4,5,7,0.8849645428572496,1.0,4
8280,125,13,5,5,2,0.1290427688291949,0.1,4
8281,125,13,5,5,3,0.08079966843216843,0.2,4
8282,125,13,5,5,4,0.18413121666566437,0.3,4
8283,125,13,5,5,4,0.1841312166656645,0.4,4
8284,125,13,5,5,4,0.18413121666566443,0.5,4
8285,125,13,5,5,8,0.8576492035692959,1.0,4
8286,125,13,6,5,2,0.06069646975189524,0.1,4
8287,125,13,6,5,3,0.07918309047197519,0.2,4
8288,125,13,6,5,3,0.07918309047197516,0.3,4
8289,125,13,6,5,4,0.18341552561779234,0.4,4
8290,125,13,6,5,4,0.30726396252872107,0.5,4
8291,125,13,6,5,6,0.7209051750305332,1.0,4
8292,125,13,7,5,2,0.028942209516450434,0.1,4
8293,125,13,7,5,3,0.10603839780258308,0.2,4
8294,125,13,7,5,4,0.18413121666566437,0.3,4
8295,125,13,7,5,4,0.1841312166656645,0.4,4
8296,125,13,7,5,4,0.1841312166656644,0.5,4
8297,125,13,7,5,6,0.800521926129518,1.0,4
8298,125,13,8,6,2,0.05367153006679837,0.1,4
8299,125,13,8,6,3,0.07918309047197539,0.2,4
8300,125,13,8,6,3,0.14161781832326253,0.3,4
8301,125,13,8,6,4,0.18341552561779237,0.4,4
8302,125,13,8,6,5,0.4143995848306445,0.5,4
8303,125,13,8,6,7,0.7150234430110993,1.0,4
8304,125,13,9,6,2,0.1290427688291949,0.1,4
8305,125,13,9,6,3,0.08079966843216844,0.2,4
8306,125,13,9,6,4,0.18413121666566443,0.3,4
8307,125,13,9,6,4,0.28055023010968266,0.4,4
8308,125,13,9,6,4,0.2805502301096825,0.5,4
8309,125,13,9,6,8,0.857649203569296,1.0,4
8310,125,13,10,6,2,0.06069646975189524,0.1,4
8311,125,13,10,6,2,0.06069646975189524,0.2,4
8312,125,13,10,6,4,0.170330756122191,0.3,4
8313,125,13,10,6,4,0.17033075612219192,0.4,4
8314,125,13,10,6,4,0.1703307561221916,0.5,4
8315,125,13,10,6,8,0.9591874266052877,1.0,4
8316,126,13,0,5,2,0.10976941281584396,0.1,4
8317,126,13,0,5,3,0.0994391420606077,0.2,4
8318,126,13,0,5,3,0.0994391420606077,0.3,4
8319,126,13,0,5,3,0.0994391420606077,0.4,4
8320,126,13,0,5,3,0.0994391420606077,0.5,4
8321,126,13,0,5,7,0.7149956031228647,1.0,4
8322,126,13,1,5,2,0.03439817405344736,0.1,4
8323,126,13,1,5,2,0.03439817405344736,0.2,4
8324,126,13,1,5,3,0.07290375711085266,0.3,4
8325,126,13,1,5,3,0.15190174490380992,0.4,4
8326,126,13,1,5,3,0.12081147570849254,0.5,4
8327,126,13,1,5,7,0.7311585704021402,1.0,4
8328,126,13,2,6,2,0.017441405420997813,0.1,4
8329,126,13,2,6,3,0.0994391420606077,0.2,4
8330,126,13,2,6,3,0.07290375711085266,0.3,4
8331,126,13,2,6,3,0.13042420559230822,0.4,4
8332,126,13,2,6,4,0.25266489530224934,0.5,4
8333,126,13,2,6,8,0.8057795980305339,1.0,4
8334,126,13,3,5,2,0.10274447313074708,0.1,4
8335,126,13,3,5,2,0.10274447313074708,0.2,4
8336,126,13,3,5,3,0.17401441045694255,0.3,4
8337,126,13,3,5,3,0.17401441045694255,0.4,4
8338,126,13,3,5,3,0.1696357272944853,0.5,4
8339,126,13,3,5,7,0.6329830796482557,1.0,4
8340,126,13,4,5,2,0.017441405420997813,0.1,4
8341,126,13,4,5,2,0.13152927727675712,0.2,4
8342,126,13,4,5,2,0.13152927727675712,0.3,4
8343,126,13,4,5,2,0.13152927727675712,0.4,4
8344,126,13,4,5,2,0.13152927727675712,0.5,4
8345,126,13,4,5,7,0.7116910171749717,1.0,4
8346,126,13,5,5,2,0.03439817405344736,0.1,4
8347,126,13,5,5,2,0.03439817405344736,0.2,4
8348,126,13,5,5,3,0.07290375711085266,0.3,4
8349,126,13,5,5,3,0.07290375711085266,0.4,4
8350,126,13,5,5,4,0.25266489530224967,0.5,4
8351,126,13,5,5,7,0.68820210288047,1.0,4
8352,126,13,6,5,2,0.10274447313074708,0.1,4
8353,126,13,6,5,2,0.10274447313074708,0.2,4
8354,126,13,6,5,3,0.17401441045694255,0.3,4
8355,126,13,6,5,3,0.17401441045694255,0.4,4
8356,126,13,6,5,3,0.20757683465088742,0.5,4
8357,126,13,6,5,9,0.8514711990206313,1.0,4
8358,126,13,7,5,2,0.017441405420997813,0.1,4
8359,126,13,7,5,2,0.14861920498520287,0.2,4
8360,126,13,7,5,3,0.07290375711085266,0.3,4
8361,126,13,7,5,3,0.13042420559230822,0.4,4
8362,126,13,7,5,4,0.3152412415196552,0.5,4
8363,126,13,7,5,8,0.7616536868016344,1.0,4
8364,126,13,8,6,2,0.10976941281584396,0.1,4
8365,126,13,8,6,3,0.0994391420606077,0.2,4
8366,126,13,8,6,3,0.1600247109643574,0.3,4
8367,126,13,8,6,3,0.1600247109643574,0.4,4
8368,126,13,8,6,4,0.2597429397614928,0.5,4
8369,126,13,8,6,9,0.8514711990206306,1.0,4
8370,126,13,9,6,2,0.03439817405344736,0.1,4
8371,126,13,9,6,2,0.03439817405344736,0.2,4
8372,126,13,9,6,3,0.07290375711085266,0.3,4
8373,126,13,9,6,3,0.11723528433266193,0.4,4
8374,126,13,9,6,4,0.2526648953022495,0.5,4
8375,126,13,9,6,8,0.7616536868016344,1.0,4
8376,126,13,10,6,2,0.10274447313074708,0.1,4
8377,126,13,10,6,3,0.0994391420606077,0.2,4
8378,126,13,10,6,3,0.17401441045694255,0.3,4
8379,126,13,10,6,3,0.17401441045694255,0.4,4
8380,126,13,10,6,4,0.31524124151965516,0.5,4
8381,126,13,10,6,8,0.7308401155862498,1.0,4
8382,127,13,0,5,2,0.06228327668805833,0.1,4
8383,127,13,0,5,2,0.06228327668805833,0.2,4
8384,127,13,0,5,4,0.17033075612219095,0.3,4
8385,127,13,0,5,4,0.1703307561221918,0.4,4
8386,127,13,0,5,4,0.2425849755153672,0.5,4
8387,127,13,0,5,6,0.6243182467182495,1.0,4
8388,127,13,1,5,2,0.013087962074338155,0.1,4
8389,127,13,1,5,3,0.10603839780258308,0.2,4
8390,127,13,1,5,3,0.08079966843216839,0.3,4
8391,127,13,1,5,3,0.15190174490380992,0.4,4
8392,127,13,1,5,4,0.2805502301096828,0.5,4
8393,127,13,1,5,5,0.6440957455320415,1.0,4
8394,127,13,2,6,3,0.033393337561753667,0.1,4
8395,127,13,2,6,3,0.1060383978025832,0.2,4
8396,127,13,2,6,3,0.10603839780258345,0.3,4
8397,127,13,2,6,4,0.18413121666566434,0.4,4
8398,127,13,2,6,4,0.18413121666566437,0.5,4
8399,127,13,2,6,6,0.5884345722391231,1.0,4
8400,127,13,3,5,2,0.055258337002961455,0.1,4
8401,127,13,3,5,3,0.07918309047197516,0.2,4
8402,127,13,3,5,3,0.1564819706374871,0.3,4
8403,127,13,3,5,3,0.1564819706374871,0.4,4
8404,127,13,3,5,3,0.1564819706374871,0.5,4
8405,127,13,3,5,5,0.6924071307953646,1.0,4
8406,127,13,4,5,2,0.055019654589847145,0.1,4
8407,127,13,4,5,2,0.055019654589847145,0.2,4
8408,127,13,4,5,2,0.055019654589847145,0.3,4
8409,127,13,4,5,2,0.055019654589847145,0.4,4
8410,127,13,4,5,3,0.22490551185801508,0.5,4
8411,127,13,4,5,5,0.6440957455320409,1.0,4
8412,127,13,5,5,2,0.013087962074338155,0.1,4
8413,127,13,5,5,3,0.10603839780258308,0.2,4
8414,127,13,5,5,3,0.0807996684321684,0.3,4
8415,127,13,5,5,4,0.18413121666566445,0.4,4
8416,127,13,5,5,4,0.18413121666566432,0.5,4
8417,127,13,5,5,5,0.5084573690178844,1.0,4
8418,127,13,6,5,2,0.055258337002961455,0.1,4
8419,127,13,6,5,3,0.07918309047197507,0.2,4
8420,127,13,6,5,3,0.07918309047197507,0.3,4
8421,127,13,6,5,3,0.07918309047197507,0.4,4
8422,127,13,6,5,4,0.18341552561779223,0.5,4
8423,127,13,6,5,6,0.7209051750305339,1.0,4
8424,127,13,7,5,2,0.10484712326062329,0.1,4
8425,127,13,7,5,3,0.1060383978025832,0.2,4
8426,127,13,7,5,3,0.10603839780258308,0.3,4
8427,127,13,7,5,4,0.1841312166656645,0.4,4
8428,127,13,7,5,4,0.1841312166656649,0.5,4
8429,127,13,7,5,5,0.49751831940677455,1.0,4
8430,127,13,8,6,2,0.06228327668805833,0.1,4
8431,127,13,8,6,3,0.07918309047197507,0.2,4
8432,127,13,8,6,3,0.07918309047197507,0.3,4
8433,127,13,8,6,3,0.1416178183232624,0.4,4
8434,127,13,8,6,4,0.2425849755153673,0.5,4
8435,127,13,8,6,6,0.720905175030534,1.0,4
8436,127,13,9,6,2,0.013087962074338155,0.1,4
8437,127,13,9,6,3,0.10603839780258308,0.2,4
8438,127,13,9,6,4,0.17033075612219062,0.3,4
8439,127,13,9,6,4,0.1841312166656649,0.4,4
8440,127,13,9,6,4,0.28055023010968266,0.5,4
8441,127,13,9,6,5,0.6326320159809857,1.0,4
8442,127,13,10,6,2,0.055258337002961455,0.1,4
8443,127,13,10,6,2,0.055258337002961455,0.2,4
8444,127,13,10,6,4,0.17033075612219054,0.3,4
8445,127,13,10,6,4,0.17033075612219117,0.4,4
8446,127,13,10,6,4,0.17033075612219153,0.5,4
8447,127,13,10,6,6,0.6243182467182496,1.0,4
8448,128,13,0,5,2,0.022233383677374485,0.1,4
8449,128,13,0,5,2,0.022233383677374485,0.2,4
8450,128,13,0,5,4,0.17033075612219134,0.3,4
8451,128,13,0,5,4,0.17033075612219162,0.4,4
8452,128,13,0,5,4,0.24258497551536667,0.5,4
8453,128,13,0,5,6,0.6811370589297251,1.0,4
8454,128,13,1,5,2,0.053137855085022,0.1,4
8455,128,13,1,5,3,0.10603839780258308,0.2,4
8456,128,13,1,5,3,0.0807996684321684,0.3,4
8457,128,13,1,5,3,0.15190174490380992,0.4,4
8458,128,13,1,5,4,0.28055023010968266,0.5,4
8459,128,13,1,5,5,0.5779979189014706,1.0,4
8460,128,13,2,6,3,0.03339333756175383,0.1,4
8461,128,13,2,6,3,0.1060383978025833,0.2,4
8462,128,13,2,6,3,0.10603839780258324,0.3,4
8463,128,13,2,6,4,0.18413121666566434,0.4,4
8464,128,13,2,6,4,0.18413121666566437,0.5,4
8465,128,13,2,6,6,0.5884345722391231,1.0,4
8466,128,13,3,5,2,0.01520844399227761,0.1,4
8467,128,13,3,5,3,0.07918309047197507,0.2,4
8468,128,13,3,5,3,0.1564819706374869,0.3,4
8469,128,13,3,5,3,0.15648197063748695,0.4,4
8470,128,13,3,5,3,0.1564819706374871,0.5,4
8471,128,13,3,5,6,0.6140863220212722,1.0,4
8472,128,13,4,5,2,0.10484712326062329,0.1,4
8473,128,13,4,5,2,0.10484712326062329,0.2,4
8474,128,13,4,5,2,0.10484712326062329,0.3,4
8475,128,13,4,5,2,0.10484712326062329,0.4,4
8476,128,13,4,5,3,0.22490551185801558,0.5,4
8477,128,13,4,5,6,0.7731832575652801,1.0,4
8478,128,13,5,5,2,0.053137855085022,0.1,4
8479,128,13,5,5,3,0.1060383978025832,0.2,4
8480,128,13,5,5,3,0.0807996684321684,0.3,4
8481,128,13,5,5,4,0.18413121666566484,0.4,4
8482,128,13,5,5,4,0.25266489530224945,0.5,4
8483,128,13,5,5,6,0.6360925095687763,1.0,4
8484,128,13,6,5,2,0.01520844399227761,0.1,4
8485,128,13,6,5,3,0.07918309047197516,0.2,4
8486,128,13,6,5,3,0.07918309047197507,0.3,4
8487,128,13,6,5,3,0.07918309047197507,0.4,4
8488,128,13,6,5,4,0.18341552561779217,0.5,4
8489,128,13,6,5,6,0.720905175030534,1.0,4
8490,128,13,7,5,2,0.10484712326062329,0.1,4
8491,128,13,7,5,3,0.10603839780258308,0.2,4
8492,128,13,7,5,3,0.10603839780258308,0.3,4
8493,128,13,7,5,4,0.18413121666566437,0.4,4
8494,128,13,7,5,4,0.18413121666566443,0.5,4
8495,128,13,7,5,5,0.4975183194067746,1.0,4
8496,128,13,8,6,2,0.022233383677374485,0.1,4
8497,128,13,8,6,3,0.07918309047197507,0.2,4
8498,128,13,8,6,3,0.1600247109643574,0.3,4
8499,128,13,8,6,3,0.16002471096435691,0.4,4
8500,128,13,8,6,4,0.24258497551536662,0.5,4
8501,128,13,8,6,6,0.7209051750305339,1.0,4
8502,128,13,9,6,2,0.053137855085022,0.1,4
8503,128,13,9,6,3,0.10603839780258324,0.2,4
8504,128,13,9,6,4,0.1703307561221896,0.3,4
8505,128,13,9,6,4,0.18413121666566443,0.4,4
8506,128,13,9,6,4,0.2526648953022494,0.5,4
8507,128,13,9,6,6,0.6360925095687763,1.0,4
8508,128,13,10,6,2,0.01520844399227761,0.1,4
8509,128,13,10,6,2,0.01520844399227761,0.2,4
8510,128,13,10,6,4,0.17033075612219084,0.3,4
8511,128,13,10,6,4,0.170330756122192,0.4,4
8512,128,13,10,6,4,0.17033075612219123,0.5,4
8513,128,13,10,6,7,0.7192324645113135,1.0,4
8514,129,14,0,5,2,0.06517233416225099,0.1,4
8515,129,14,0,5,3,0.09943914206060764,0.2,4
8516,129,14,0,5,4,0.17033075612219067,0.3,4
8517,129,14,0,5,4,0.17033075612219192,0.4,4
8518,129,14,0,5,4,0.20908707473270907,0.5,4
8519,129,14,0,5,7,0.7889494449976597,1.0,4
8520,129,14,1,5,2,0.03439817405344736,0.1,4
8521,129,14,1,5,3,0.1060383978025832,0.2,4
8522,129,14,1,5,3,0.07290375711085256,0.3,4
8523,129,14,1,5,4,0.28055023010968255,0.4,4
8524,129,14,1,5,4,0.28055023010968266,0.5,4
8525,129,14,1,5,7,0.8336449222711036,1.0,4
8526,129,14,2,6,3,0.033393337561753784,0.1,4
8527,129,14,2,6,3,0.12559879038341465,0.2,4
8528,129,14,2,6,3,0.12559879038341465,0.3,4
8529,129,14,2,6,4,0.18413121666566437,0.4,4
8530,129,14,2,6,4,0.18413121666566445,0.5,4
8531,129,14,2,6,7,0.7338123311321939,1.0,4
8532,129,14,3,5,2,0.07219727384734786,0.1,4
8533,129,14,3,5,3,0.07918309047197507,0.2,4
8534,129,14,3,5,3,0.1740144104569424,0.3,4
8535,129,14,3,5,3,0.17401441045694238,0.4,4
8536,129,14,3,5,3,0.1740144104569424,0.5,4
8537,129,14,3,5,7,0.8072853142283306,1.0,4
8538,129,14,4,5,2,0.017441405420997813,0.1,4
8539,129,14,4,5,3,0.12559879038341473,0.2,4
8540,129,14,4,5,3,0.12559879038341468,0.3,4
8541,129,14,4,5,3,0.12559879038341468,0.4,4
8542,129,14,4,5,3,0.2249055118580156,0.5,4
8543,129,14,4,5,7,0.8336449222711038,1.0,4
8544,129,14,5,5,2,0.03439817405344736,0.1,4
8545,129,14,5,5,3,0.1255987903834147,0.2,4
8546,129,14,5,5,3,0.07290375711085256,0.3,4
8547,129,14,5,5,4,0.1841312166656644,0.4,4
8548,129,14,5,5,4,0.25266489530224967,0.5,4
8549,129,14,5,5,6,0.8114783294411336,1.0,4
8550,129,14,6,5,2,0.07219727384734786,0.1,4
8551,129,14,6,5,3,0.07918309047197539,0.2,4
8552,129,14,6,5,3,0.07918309047197516,0.3,4
8553,129,14,6,5,4,0.18341552561779237,0.4,4
8554,129,14,6,5,4,0.18341552561779229,0.5,4
8555,129,14,6,5,7,0.8098464418168824,1.0,4
8556,129,14,7,5,2,0.017441405420997813,0.1,4
8557,129,14,7,5,3,0.10603839780258345,0.2,4
8558,129,14,7,5,3,0.14666411036886193,0.3,4
8559,129,14,7,5,4,0.20759239901833407,0.4,4
8560,129,14,7,5,4,0.20759239901833404,0.5,4
8561,129,14,7,5,7,0.7627725655721461,1.0,4
8562,129,14,8,6,2,0.06517233416225099,0.1,4
8563,129,14,8,6,3,0.0994391420606077,0.2,4
8564,129,14,8,6,3,0.16002471096435744,0.3,4
8565,129,14,8,6,4,0.18341552561779229,0.4,4
8566,129,14,8,6,4,0.20908707473270907,0.5,4
8567,129,14,8,6,7,0.5784419127355184,1.0,4
8568,129,14,9,6,2,0.03439817405344736,0.1,4
8569,129,14,9,6,3,0.12559879038341468,0.2,4
8570,129,14,9,6,4,0.17033075612219212,0.3,4
8571,129,14,9,6,4,0.28055023010968283,0.4,4
8572,129,14,9,6,4,0.2526648953022493,0.5,4
8573,129,14,9,6,7,0.6815856259082708,1.0,4
8574,129,14,10,6,2,0.07219727384734786,0.1,4
8575,129,14,10,6,3,0.09943914206060761,0.2,4
8576,129,14,10,6,4,0.17033075612219156,0.3,4
8577,129,14,10,6,4,0.170330756122192,0.4,4
8578,129,14,10,6,4,0.17033075612219234,0.5,4
8579,129,14,10,6,7,0.7468577407479111,1.0,4
